# Created by Octave 3.0.1, Sat May 23 17:07:05 2009 BRT <drebs@joselito>
# name: a
# type: matrix
# rows: 600
# columns: 1
 1.0489680287199
 1.019150525175027
 0.9695764795449283
 1.011310658206738
 1.011481159641302
 0.9820601081187454
 1.006315585453263
 1.009293980417952
 0.9863200602052478
 1.004203684256674
 1.0083916275477
 0.9884761514388093
 1.002933918069793
 1.007993603140607
 0.9897771231772177
 1.002016973233289
 1.007857468972333
 0.9906397628563821
 1.001273295488641
 1.007889200820677
 0.9912403469713653
 1.000617725528036
 1.008051636319735
 0.9916630244207774
 1.000000000000001
 1.008336975579224
 0.9919483636802647
 0.9993822744719634
 1.008759653028634
 0.9921107991793227
 0.9987267045113595
 1.009360237143617
 0.9921425310276677
 0.9979830267667101
 1.010222876822785
 0.9920063968593932
 0.9970660819302103
 1.011523848561187
 0.9916083724523017
 0.9957963157433229
 1.013679939794753
 0.9907060195820472
 0.9936844145467364
 1.017939891881255
 0.9885188403586985
 0.9886893417932625
 1.030423520455073
 0.9808494748249722
 0.9510319712801011
 1.505485633404298
 2.043682318803285
 2.01325999344188
 1.98056187223884
 2.006618818300996
 2.004965085526057
 1.993088547733147
 2.002215984774794
 2.002120733660414
 1.997422550709155
 2.000704217864449
 2.000516683664206
 1.999687434684365
 2.000052927081173
 1.999356417872328
 2.001137794384787
 1.999785070144905
 1.998376683739756
 2.002199175835504
 1.999736476721935
 1.997455252203651
 2.003060849822544
 1.999842489134313
 1.996515100402859
 2.003826478354172
 2.000081831973492
 1.995489502774949
 2.004566736722594
 2.000460214662349
 1.994301196793911
 2.005344453024327
 2.001009772210575
 1.992838938691886
 2.006234152712089
 2.001802043378195
 1.990914917562007
 2.007350021012936
 2.002986845150962
 1.988163586123176
 2.008908311211906
 2.004907902121125
 1.983742610914401
 2.011414714078369
 2.008531570228054
 1.975148655851895
 2.01644624516736
 2.017929476507732
 1.950138351783768
 2.032410518616906
 2.092650347523184
 1.000000000000002
 -0.09265034752318323
 -0.03241051861690715
 0.04986164821623348
 -0.0179294765077319
 -0.01644624516736003
 0.02485134414810608
 -0.008531570228054577
 -0.01141471407836595
 0.01625738908559677
 -0.004907902121125043
 -0.008908311211905655
 0.01183641387682184
 -0.002986845150960635
 -0.007350021012938718
 0.009085082437997841
 -0.001802043378193502
 -0.006234152712088764
 0.007161061308113975
 -0.001009772210575029
 -0.005344453024329703
 0.005698803206088185
 -0.0004602146623489609
 -0.004566736722595999
 0.004510497225051504
 -8.183197348766297e-05
 -0.0038264783541724
 0.00348489959713957
 0.0001575108656858715
 -0.003060849822542943
 0.002544747796351342
 0.0002635232780658376
 -0.002199175835503912
 0.001623316260242058
 0.0002149298550957451
 -0.00113779438478839
 0.0006435821276707973
 -5.292708117143018e-05
 0.0003125653156331558
 -0.0005166836642079781
 -0.000704217864448806
 0.002577449290842665
 -0.002120733660413838
 -0.002215984774792181
 0.006911452266852492
 -0.004965085526055353
 -0.006618818300991265
 0.0194381277611635
 -0.01325999344188064
 -0.0436823188032794
 0.4945143665956832
 1.048968028719907
 1.019150525175026
 0.9695764795449292
 1.011310658206738
 1.011481159641302
 0.9820601081187452
 1.006315585453262
 1.009293980417953
 0.9863200602052498
 1.004203684256676
 1.008391627547697
 0.9884761514388104
 1.00293391806979
 1.007993603140608
 0.9897771231772136
 1.00201697323329
 1.007857468972332
 0.9906397628563832
 1.001273295488641
 1.00788920082068
 0.9912403469713648
 1.000617725528033
 1.008051636319736
 0.991663024420773
 1.000000000000002
 1.00833697557922
 0.9919483636802684
 0.9993822744719602
 1.008759653028635
 0.992110799179321
 0.998726704511362
 1.009360237143618
 0.9921425310276654
 0.9979830267667128
 1.010222876822781
 0.9920063968593961
 0.9970660819302088
 1.01152384856119
 0.9916083724522972
 0.9957963157433288
 1.013679939794756
 0.990706019582041
 0.9936844145467411
 1.017939891881257
 0.9885188403586972
 0.9886893417932635
 1.030423520455074
 0.9808494748249698
 0.9510319712801064
 1.505485633404276
 2.043682318803294
 2.013259993441879
 1.980561872238839
 2.006618818300994
 2.004965085526055
 1.993088547733151
 2.002215984774792
 2.002120733660411
 1.997422550709152
 2.000704217864446
 2.00051668366421
 1.999687434684366
 2.000052927081171
 1.999356417872327
 2.001137794384785
 1.999785070144906
 1.998376683739754
 2.002199175835505
 1.999736476721938
 1.997455252203657
 2.003060849822546
 1.999842489134313
 1.996515100402863
 2.003826478354179
 2.000081831973493
 1.995489502774943
 2.004566736722593
 2.000460214662352
 1.994301196793906
 2.005344453024326
 2.001009772210574
 1.992838938691885
 2.006234152712087
 2.001802043378189
 1.990914917562007
 2.007350021012936
 2.002986845150964
 1.988163586123172
 2.008908311211909
 2.004907902121119
 1.983742610914396
 2.01141471407837
 2.008531570228057
 1.97514865585189
 2.016446245167357
 2.017929476507732
 1.950138351783767
 2.032410518616913
 2.092650347523193
 1.000000000000046
 -0.09265034752320167
 -0.03241051861689893
 0.04986164821623472
 -0.01792947650773197
 -0.01644624516735637
 0.02485134414810808
 -0.008531570228060441
 -0.01141471407836458
 0.01625738908559948
 -0.004907902121123063
 -0.008908311211899571
 0.01183641387681996
 -0.002986845150962014
 -0.007350021012933467
 0.009085082437997317
 -0.00180204337819714
 -0.006234152712086431
 0.007161061308117256
 -0.001009772210574736
 -0.005344453024329748
 0.00569880320609293
 -0.0004602146623425354
 -0.004566736722592486
 0.004510497225046678
 -8.18319734864955e-05
 -0.003826478354162123
 0.003484899597142527
 0.0001575108656802059
 -0.003060849822545841
 0.002544747796348622
 0.000263523278065815
 -0.00219917583550107
 0.001623316260243607
 0.0002149298550961094
 -0.001137794384784851
 0.0006435821276716117
 -5.292708117509565e-05
 0.0003125653156303039
 -0.0005166836642025202
 -0.0007042178644540674
 0.002577449290839202
 -0.002120733660411606
 -0.002215984774790056
 0.006911452266856322
 -0.00496508552605395
 -0.006618818300986283
 0.01943812776116313
 -0.01325999344188487
 -0.04368231880328031
 0.4945143665956622
 1.048968028719915
 1.01915052517502
 0.9695764795449282
 1.011310658206737
 1.011481159641299
 0.982060108118751
 1.006315585453265
 1.009293980417949
 0.9863200602052457
 1.00420368425667
 1.008391627547691
 0.988476151438807
 1.002933918069783
 1.00799360314061
 0.9897771231772118
 1.00201697323329
 1.007857468972332
 0.990639762856382
 1.001273295488642
 1.007889200820679
 0.9912403469713661
 1.000617725528026
 1.00805163631974
 0.9916630244207757
 1.000000000000013
 1.008336975579216
 0.9919483636802696
 0.9993822744719637
 1.008759653028638
 0.9921107991793235
 0.9987267045113624
 1.009360237143619
 0.992142531027668
 0.9979830267667104
 1.01022287682278
 0.9920063968593931
 0.9970660819302058
 1.011523848561198
 0.9916083724523015
 0.9957963157433288
 1.013679939794752
 0.9907060195820416
 0.9936844145467409
 1.017939891881256
 0.9885188403586973
 0.9886893417932562
 1.030423520455073
 0.9808494748249706
 0.9510319712801074
 1.505485633404255
 2.043682318803301
 2.01325999344188
 1.980561872238838
 2.006618818300998
 2.004965085526059
 1.993088547733148
 2.002215984774789
 2.002120733660405
 1.99742255070915
 2.000704217864446
 2.000516683664203
 1.999687434684363
 2.000052927081175
 1.999356417872328
 2.001137794384786
 1.999785070144907
 1.998376683739757
 2.002199175835502
 1.999736476721931
 1.997455252203648
 2.003060849822554
 1.999842489134312
 1.996515100402856
 2.003826478354176
 2.000081831973485
 1.995489502774944
 2.004566736722594
 2.000460214662355
 1.994301196793909
 2.00534445302433
 2.00100977221057
 1.992838938691887
 2.00623415271209
 2.001802043378186
 1.990914917562016
 2.007350021012928
 2.002986845150961
 1.988163586123173
 2.008908311211902
 2.00490790212111
 1.983742610914399
 2.011414714078369
 2.008531570228043
 1.975148655851893
 2.016446245167359
 2.017929476507735
 1.950138351783764
 2.03241051861691
 2.092650347523173
 1.000000000000091
 -0.09265034752320338
 -0.03241051861688675
 0.04986164821623544
 -0.01792947650773766
 -0.01644624516735569
 0.02485134414810621
 -0.008531570228048832
 -0.01141471407836022
 0.0162573890856054
 -0.004907902121123145
 -0.00890831121190231
 0.01183641387681492
 -0.002986845150951954
 -0.007350021012947131
 0.009085082438005211
 -0.001802043378192635
 -0.006234152712082188
 0.007161061308112958
 -0.001009772210571667
 -0.00534445302433135
 0.00569880320608141
 -0.0004602146623432744
 -0.004566736722602622
 0.004510497225051412
 -8.18319734902373e-05
 -0.003826478354155731
 0.003484899597136134
 0.0001575108656851447
 -0.003060849822549129
 0.002544747796355165
 0.0002635232780644516
 -0.002199175835505687
 0.001623316260241516
 0.0002149298550974035
 -0.001137794384790003
 0.0006435821276717674
 -5.292708117164875e-05
 0.0003125653156250876
 -0.0005166836642060435
 -0.0007042178644556529
 0.002577449290840873
 -0.002120733660410728
 -0.002215984774788063
 0.006911452266856154
 -0.004965085526050306
 -0.006618818300995723
 0.01943812776116279
 -0.01325999344187453
 -0.04368231880328832
 0.4945143665956416
 1.048968028719923
 1.019150525175015
 0.969576479544933
 1.011310658206751
 1.011481159641291
 0.9820601081187371
 1.006315585453269
 1.009293980417959
 0.9863200602052431
 1.004203684256693
 1.008391627547695
 0.9884761514388178
 1.002933918069785
 1.007993603140618
 0.9897771231772088
 1.002016973233294
 1.007857468972327
 0.9906397628563851
 1.001273295488646
 1.007889200820673
 0.9912403469713578
 1.000617725528037
 1.008051636319742
 0.991663024420771
 1.000000000000005
 1.00833697557922
 0.9919483636802673
 0.9993822744719623
 1.008759653028637
 0.9921107991793214
 0.998726704511369
 1.00936023714362
 0.9921425310276601
 0.9979830267667215
 1.01022287682277
 0.9920063968594013
 0.9970660819302075
 1.011523848561198
 0.9916083724522959
 0.9957963157433296
 1.013679939794757
 0.9907060195820286
 0.9936844145467345
 1.01793989188126
 0.9885188403586912
 0.9886893417932606
 1.030423520455085
 0.9808494748249823
 0.9510319712801111
 1.505485633404232
 2.043682318803301
 2.01325999344186
 1.980561872238844
 2.006618818300991
 2.004965085526063
 1.993088547733152
 2.002215984774797
 2.002120733660408
 1.997422550709158
 2.000704217864439
 2.000516683664201
 1.999687434684361
 2.000052927081178
 1.999356417872334
 2.001137794384786
 1.99978507014491
 1.998376683739751
 2.0021991758355
 1.999736476721948
 1.997455252203665
 2.003060849822546
 1.999842489134305
 1.996515100402853
 2.003826478354181
 2.000081831973489
 1.995489502774942
 2.00456673672259
 2.000460214662358
 1.994301196793903
 2.005344453024331
 2.001009772210578
 1.992838938691888
 2.006234152712091
 2.001802043378178
 1.990914917562006
 2.007350021012924
 2.002986845150958
 1.988163586123169
 2.008908311211915
 2.004907902121122
 1.983742610914407
 2.011414714078368
 2.008531570228049
 1.975148655851883
 2.016446245167356
 2.017929476507729
 1.950138351783767
 2.032410518616909
 2.092650347523186
 1.000000000000129
 -0.09265034752321746
 -0.03241051861688281
 0.04986164821623833
 -0.01792947650774851
 -0.01644624516734913
 0.0248513441481221
 -0.00853157022805064
 -0.01141471407835837
 0.0162573890855953
 -0.004907902121137257
 -0.008908311211901242
 0.01183641387680454
 -0.002986845150957687
 -0.007350021012945686
 0.009085082437993948
 -0.001802043378202804
 -0.006234152712095948
 0.007161061308117963
 -0.001009772210574517
 -0.005344453024334474
 0.00569880320607382
 -0.0004602146623354734
 -0.004566736722599352
 0.004510497225044137
 -8.183197349097976e-05
 -0.003826478354154336
 0.003484899597133901
 0.0001575108656845341
 -0.00306084982254013
 0.002544747796369339
 0.0002635232780831432
 -0.002199175835508854
 0.001623316260247275
 0.0002149298551067571
 -0.001137794384794682
 0.0006435821276733629
 -5.292708115510643e-05
 0.0003125653156294001
 -0.0005166836642154799
 -0.000704217864443182
 0.002577449290832333
 -0.002120733660431336
 -0.002215984774784158
 0.006911452266855264
 -0.004965085526061519
 -0.006618818300996787
 0.01943812776116032
 -0.01325999344187187
 -0.04368231880328151
 0.4945143665956195
