# Created by Octave 3.0.1, Sat May 23 20:59:20 2009 BRT <drebs@joselito>
# name: a
# type: matrix
# rows: 600
# columns: 1
 0.7504650640069674
 0.7555334258614801
 0.7471736763357593
 0.8186987148837487
 0.8516374273407232
 0.8602494446571948
 0.91097094912257
 0.9421232717257935
 0.9520891780843281
 0.9910671038956097
 1.016803599306666
 1.022851140831572
 1.051185963765986
 1.069401099470551
 1.068511842759603
 1.085832480661074
 1.09496309606383
 1.085076921046433
 1.090739995078728
 1.089649055122115
 1.069327247657961
 1.062797066332095
 1.050773965275903
 1.019087198833108
 1.000094517125018
 0.9768752924995059
 0.9333530524625735
 0.9019686803609961
 0.8677576139515575
 0.8123472294081345
 0.7690112504865848
 0.724504042666884
 0.6575145250512719
 0.6030348664775096
 0.5494568034894132
 0.4714629341487006
 0.4069853181747776
 0.3461859229989767
 0.2578410128314451
 0.1847763773508656
 0.1195179191053353
 0.02110927106492989
 -0.05906511022889904
 -0.1240261206984825
 -0.234036212600056
 -0.3207929495055254
 -0.3723494525215732
 -0.5059276687412445
 -0.6235906630800667
 -0.1585747776815245
 0.3729273866008534
 0.3346272134902403
 0.290145311360932
 0.3152117812164332
 0.3070376311993961
 0.2824693220354539
 0.2905312219873658
 0.2846169079657941
 0.266630174813182
 0.2687934999619307
 0.2634146803759991
 0.2487104171843803
 0.2479179166241608
 0.2426808035302656
 0.2299547308862714
 0.2274088447329293
 0.2221755914586157
 0.2107806187250492
 0.2070889546731903
 0.2017989335708356
 0.1913673825872219
 0.1868794284429084
 0.1815015361852403
 0.171804675211705
 0.1667401253816422
 0.1612562207369647
 0.1521422236907225
 0.1466486275319401
 0.1410466887475176
 0.1324097620185747
 0.1265915862523978
 0.1208624939186427
 0.1126260996804764
 0.1065607061653226
 0.1006965546057861
 0.09280365452803969
 0.08655071409487923
 0.0805438213469202
 0.07295088831176567
 0.06655826542223869
 0.06040051371358927
 0.05307369068149596
 0.04658133079597046
 0.04026365558102887
 0.03317619927724737
 0.02661884833187073
 0.02013077360810306
 0.01326129861216243
 0.006670535263136036
 -3.136136378383188e-07
 -0.00666907557023084
 -0.01326319355543482
 -0.02013165804047561
 -0.02661375887444329
 -0.03318122349815482
 -0.04026532408690698
 -0.04657227298484291
 -0.05308165814465365
 -0.06040353197106271
 -0.06654481864775809
 -0.07296164394929879
 -0.08054882481154643
 -0.0865323498404785
 -0.0928170670502137
 -0.1007042883220246
 -0.1065367508837331
 -0.1126420546502664
 -0.120873867580177
 -0.1265611665079787
 -0.1324281540558768
 -0.1410628576384001
 -0.1466105861256401
 -0.1521629459998948
 -0.1612787115086091
 -0.1666928878529509
 -0.1718276030110654
 -0.1815324536209222
 -0.1868207800261137
 -0.1913923430852251
 -0.201841322584327
 -0.2070156445809384
 -0.2108073299487945
 -0.2222341209904463
 -0.2273158283218943
 -0.2299826611325635
 -0.2427631913633617
 -0.2477967500187553
 -0.2487384109027683
 -0.2635350860933022
 -0.2686284284510949
 -0.2666552282211108
 -0.2848057750812762
 -0.2902874335333814
 -0.2824810049980898
 -0.3073813742553207
 -0.3147852273706936
 -0.290076724209661
 -0.3355956438119588
 -0.3717297550213066
 0.1680768789424276
 0.7504650640069711
 0.7555334258614778
 0.7471736763357608
 0.818698714883748
 0.8516374273407222
 0.8602494446571943
 0.9109709491225714
 0.9421232717257949
 0.9520891780843297
 0.9910671038956095
 1.016803599306664
 1.022851140831571
 1.051185963765987
 1.06940109947055
 1.068511842759601
 1.085832480661075
 1.094963096063831
 1.085076921046433
 1.090739995078729
 1.089649055122113
 1.069327247657962
 1.062797066332091
 1.050773965275905
 1.019087198833106
 1.000094517125021
 0.9768752924995048
 0.9333530524625739
 0.9019686803609958
 0.8677576139515575
 0.8123472294081331
 0.7690112504865864
 0.7245040426668842
 0.6575145250512712
 0.6030348664775128
 0.5494568034894127
 0.4714629341487016
 0.4069853181747806
 0.3461859229989775
 0.257841012831445
 0.1847763773508686
 0.1195179191053363
 0.02110927106493058
 -0.05906511022889396
 -0.1240261206984797
 -0.2340362126000585
 -0.3207929495055223
 -0.3723494525215729
 -0.505927668741244
 -0.6235906630800594
 -0.158574777681544
 0.3729273866008634
 0.334627213490238
 0.2901453113609335
 0.315211781216433
 0.3070376311993913
 0.2824693220354544
 0.290531221987368
 0.2846169079657924
 0.266630174813181
 0.2687934999619266
 0.2634146803759986
 0.2487104171843797
 0.2479179166241613
 0.2426808035302644
 0.2299547308862708
 0.2274088447329299
 0.2221755914586144
 0.2107806187250502
 0.2070889546731914
 0.201798933570835
 0.1913673825872247
 0.186879428442908
 0.1815015361852396
 0.1718046752117051
 0.1667401253816441
 0.1612562207369654
 0.1521422236907212
 0.1466486275319397
 0.1410466887475169
 0.1324097620185725
 0.1265915862523985
 0.1208624939186415
 0.112626099680479
 0.1065607061653214
 0.1006965546057863
 0.09280365452803721
 0.0865507140948813
 0.08054382134691726
 0.07295088831176541
 0.06655826542223355
 0.06040051371358959
 0.05307369068149478
 0.04658133079597369
 0.04026365558102786
 0.03317619927724479
 0.02661884833187175
 0.02013077360810151
 0.01326129861216303
 0.00667053526313747
 -3.136136381895325e-07
 -0.006669075570227368
 -0.01326319355543328
 -0.02013165804047241
 -0.02661375887444111
 -0.03318122349815462
 -0.04026532408690612
 -0.04657227298484277
 -0.05308165814465252
 -0.06040353197106269
 -0.06654481864775713
 -0.0729616439492949
 -0.08054882481155005
 -0.08653234984047496
 -0.09281706705021228
 -0.100704288322024
 -0.1065367508837334
 -0.1126420546502686
 -0.1208738675801748
 -0.1265611665079765
 -0.132428154055875
 -0.1410628576383981
 -0.1466105861256386
 -0.1521629459998944
 -0.1612787115086126
 -0.1666928878529483
 -0.171827603011062
 -0.1815324536209227
 -0.1868207800261167
 -0.1913923430852268
 -0.2018413225843297
 -0.2070156445809385
 -0.2108073299487919
 -0.2222341209904432
 -0.2273158283218943
 -0.2299826611325642
 -0.2427631913633622
 -0.2477967500187548
 -0.2487384109027714
 -0.2635350860932986
 -0.2686284284510964
 -0.2666552282211128
 -0.2848057750812758
 -0.2902874335333786
 -0.2824810049980888
 -0.3073813742553205
 -0.3147852273706931
 -0.2900767242096608
 -0.3355956438119597
 -0.3717297550213101
 0.1680768789424083
 0.7504650640069827
 0.7555334258614729
 0.7471736763357586
 0.8186987148837483
 0.8516374273407156
 0.8602494446571988
 0.9109709491225728
 0.9421232717257918
 0.9520891780843258
 0.9910671038956054
 1.016803599306661
 1.022851140831568
 1.051185963765986
 1.069401099470554
 1.068511842759605
 1.085832480661076
 1.094963096063831
 1.085076921046431
 1.090739995078728
 1.089649055122113
 1.069327247657964
 1.062797066332094
 1.050773965275905
 1.019087198833108
 1.000094517125029
 0.9768752924995016
 0.933353052462576
 0.9019686803609938
 0.8677576139515606
 0.8123472294081365
 0.7690112504865871
 0.7245040426668866
 0.6575145250512746
 0.6030348664775149
 0.54945680348941
 0.4714629341487011
 0.4069853181747813
 0.3461859229989798
 0.2578410128314457
 0.1847763773508675
 0.1195179191053358
 0.02110927106492807
 -0.05906511022889684
 -0.1240261206984797
 -0.2340362126000588
 -0.3207929495055259
 -0.3723494525215704
 -0.5059276687412457
 -0.6235906630800581
 -0.158574777681565
 0.3729273866008748
 0.3346272134902369
 0.2901453113609332
 0.3152117812164372
 0.307037631199392
 0.2824693220354557
 0.2905312219873707
 0.2846169079657902
 0.2666301748131816
 0.2687934999619269
 0.2634146803759987
 0.2487104171843751
 0.2479179166241662
 0.2426808035302672
 0.2299547308862721
 0.2274088447329286
 0.2221755914586103
 0.2107806187250503
 0.2070889546731906
 0.2017989335708351
 0.1913673825872275
 0.1868794284429087
 0.1815015361852386
 0.1718046752117051
 0.1667401253816469
 0.1612562207369604
 0.1521422236907208
 0.1466486275319384
 0.1410466887475187
 0.1324097620185745
 0.1265915862523932
 0.1208624939186426
 0.1126260996804815
 0.1065607061653228
 0.1006965546057893
 0.09280365452803715
 0.08655071409488617
 0.08054382134691719
 0.07295088831176259
 0.06655826542222856
 0.06040051371358963
 0.05307369068149499
 0.04658133079597031
 0.0402636555810288
 0.03317619927724291
 0.02661884833187465
 0.02013077360810135
 0.01326129861216218
 0.006670535263134995
 -3.136136337044727e-07
 -0.00666907557022171
 -0.01326319355543378
 -0.02013165804047249
 -0.02661375887444489
 -0.03318122349815434
 -0.04026532408690322
 -0.04657227298484068
 -0.05308165814465074
 -0.06040353197105937
 -0.06654481864776299
 -0.07296164394929695
 -0.0805488248115529
 -0.08653234984047188
 -0.09281706705021735
 -0.1007042883220243
 -0.1065367508837344
 -0.1126420546502704
 -0.1208738675801797
 -0.1265611665079784
 -0.1324281540558838
 -0.141062857638402
 -0.1466105861256419
 -0.1521629459998975
 -0.161278711508609
 -0.1666928878529469
 -0.1718276030110632
 -0.1815324536209243
 -0.1868207800261134
 -0.1913923430852301
 -0.2018413225843351
 -0.2070156445809382
 -0.2108073299487915
 -0.2222341209904418
 -0.2273158283218906
 -0.2299826611325683
 -0.2427631913633627
 -0.2477967500187508
 -0.2487384109027712
 -0.2635350860932995
 -0.2686284284511025
 -0.266655228221116
 -0.2848057750812737
 -0.2902874335333778
 -0.2824810049980859
 -0.3073813742553234
 -0.3147852273706983
 -0.2900767242096627
 -0.335595643811956
 -0.3717297550213067
 0.1680768789423852
 0.7504650640069884
 0.7555334258614681
 0.7471736763357606
 0.818698714883756
 0.8516374273407105
 0.8602494446571934
 0.9109709491225758
 0.9421232717257991
 0.952089178084328
 0.9910671038956098
 1.016803599306665
 1.022851140831571
 1.051185963765989
 1.069401099470554
 1.068511842759597
 1.08583248066108
 1.094963096063827
 1.085076921046432
 1.090739995078732
 1.089649055122105
 1.069327247657961
 1.062797066332094
 1.050773965275909
 1.019087198833109
 1.000094517125022
 0.9768752924995082
 0.9333530524625736
 0.9019686803609954
 0.8677576139515608
 0.8123472294081331
 0.7690112504865904
 0.7245040426668876
 0.6575145250512688
 0.60303486647752
 0.5494568034894138
 0.4714629341487067
 0.4069853181747832
 0.346185922998981
 0.2578410128314471
 0.1847763773508619
 0.1195179191053359
 0.02110927106493254
 -0.05906511022889337
 -0.1240261206984777
 -0.2340362126000604
 -0.3207929495055186
 -0.3723494525215658
 -0.5059276687412375
 -0.623590663080049
 -0.1585747776815855
 0.3729273866008785
 0.3346272134902261
 0.2901453113609374
 0.3152117812164394
 0.3070376311993906
 0.2824693220354611
 0.2905312219873741
 0.2846169079657931
 0.2666301748131855
 0.2687934999619243
 0.2634146803759957
 0.2487104171843759
 0.2479179166241669
 0.2426808035302688
 0.2299547308862725
 0.2274088447329316
 0.2221755914586143
 0.2107806187250452
 0.2070889546731952
 0.2017989335708384
 0.1913673825872206
 0.18687942844291
 0.181501536185238
 0.1718046752117053
 0.1667401253816541
 0.1612562207369623
 0.1521422236907215
 0.1466486275319396
 0.1410466887475176
 0.1324097620185756
 0.1265915862523989
 0.1208624939186428
 0.1126260996804766
 0.1065607061653139
 0.1006965546057825
 0.09280365452803309
 0.08655071409488742
 0.08054382134691682
 0.07295088831176835
 0.06655826542223185
 0.06040051371358885
 0.05307369068149527
 0.04658133079597066
 0.04026365558102823
 0.0331761992772429
 0.0266188483318722
 0.02013077360810651
 0.01326129861216413
 0.006670535263142533
 -3.13613642545911e-07
 -0.006669075570221547
 -0.01326319355543248
 -0.02013165804047671
 -0.02661375887444357
 -0.03318122349815458
 -0.04026532408690729
 -0.04657227298483325
 -0.05308165814465224
 -0.06040353197106382
 -0.06654481864776397
 -0.07296164394929573
 -0.08054882481155906
 -0.08653234984046926
 -0.09281706705021807
 -0.1007042883220254
 -0.1065367508837345
 -0.1126420546502681
 -0.1208738675801766
 -0.126561166507981
 -0.132428154055878
 -0.1410628576384037
 -0.1466105861256443
 -0.1521629459998996
 -0.1612787115086131
 -0.1666928878529455
 -0.1718276030110577
 -0.1815324536209265
 -0.1868207800261163
 -0.1913923430852185
 -0.2018413225843198
 -0.2070156445809336
 -0.2108073299487915
 -0.2222341209904408
 -0.2273158283218888
 -0.2299826611325594
 -0.2427631913633565
 -0.2477967500187493
 -0.2487384109027718
 -0.2635350860933093
 -0.2686284284510955
 -0.2666552282211179
 -0.2848057750812857
 -0.2902874335333695
 -0.2824810049980936
 -0.3073813742553272
 -0.3147852273706921
 -0.2900767242096647
 -0.3355956438119553
 -0.3717297550212941
 0.1680768789423692
