# Created by Octave 3.0.1, Sat May 23 17:07:08 2009 BRT <drebs@joselito>
# name: a
# type: matrix
# rows: 1256
# columns: 1
 3.30364890906257
 3.56933285475596
 3.789567818459784
 3.95757386473344
 4.067459867470164
 4.114389981331032
 4.094727446206475
 4.006151848619946
 3.847746601195366
 3.62005412368743
 3.325096998551969
 2.966364210800671
 2.548762444888795
 2.078533278869562
 1.563137966105411
 1.011112305950387
 0.43189485645746
 -0.1643675847570391
 -0.7670327279573063
 -1.365188796496587
 -1.947888474574332
 -2.504385268854992
 -3.024366678550921
 -3.498178630731554
 -3.917035837256658
 -4.273213061977991
 -4.560212743497559
 -4.772904988456323
 -4.907636618844958
 -4.962306707473018
 -4.936406849727456
 -4.831025276722793
 -4.648814793439428
 -4.393925403474007
 -4.071903337617032
 -3.689559015236247
 -3.254807215107309
 -2.776483397255508
 -2.264140683017877
 -1.727832452889849
 -1.177885849645783
 -0.6246716697361047
 -0.0783761844384403
 0.4512196474800189
 0.9549483294059671
 1.424446438300907
 1.852323264047633
 2.232303618461461
 2.559341625363678
 2.829703049636442
 3.041014527440089
 3.192278901225435
 3.283856720360194
 3.31741481929966
 3.295843708657303
 3.22314628941192
 3.104301107247648
 2.945103984864871
 2.751992389459243
 2.531857297505139
 2.2918475995151
 2.039172236800093
 1.780905277023124
 1.523799015575105
 1.274109939012763
 1.037442011847592
 0.818611258904155
 0.6215350252339271
 0.4491486197169861
 0.3033513047272789
 0.1849828020196238
 0.09383066498044967
 0.02866804092204833
 -0.01267946431701916
 -0.03323988249579246
 -0.03677672189505232
 -0.02764997526457186
 -0.01066027556474111
 0.009119375095204496
 0.02651954877723728
 0.03645304961784135
 0.03409125678298963
 0.01503318422064481
 -0.02453751821832406
 -0.08771207834147932
 -0.176736648248363
 -0.2929163578216012
 -0.4365462114252732
 -0.6068709504182934
 -0.8020752325554759
 -1.019304670045214
 -1.254717441982933
 -1.50356537556224
 -1.760302595264678
 -2.018719090881536
 -2.272095873284909
 -2.513377789213954
 -2.735359568704537
 -2.930880294343748
 -3.093021220559488
 -3.215301740784227
 -3.291868304338862
 -3.317671223597874
 -3.288624582290627
 -3.201744851150987
 -3.055264327812274
 -2.848716131142862
 -2.582988180761002
 -2.260344362620856
 -1.884411901872096
 -1.460134813887381
 -0.993694161854882
 -0.4923966928318746
 0.0354657678525383
 0.5807830321152241
 1.133815566389138
 1.68440141881785
 2.222176188714881
 2.736800814962727
 3.218191733837267
 3.656747866073004
 4.043568940450731
 4.37065984591392
 4.631116021850517
 4.819285338990998
 4.930902480475154
 4.963192490231942
 4.914940897548952
 4.786528634091513
 4.57993081250507
 4.2986793127762
 3.947790001793854
 3.533656271034261
 3.063911395474275
 2.547262973239556
 1.993303381194086
 1.412300759789592
 0.8149755065947988
 0.2122676004211113
 -0.384899711619365
 -0.9658542585832128
 -1.520401781835193
 -2.0390399257398
 -2.513154380293886
 -2.935192630755193
 -3.298811338437994
 -3.598994042904831
 -3.832136621842818
 -3.996098752037159
 -4.090220462589712
 -4.115303738428421
 -4.073559996317663
 -3.968525095220024
 -3.80494433684962
 -3.588630640666097
 -3.326299722161048
 -3.025386648024582
 -2.693848573160482
 -2.339958771967132
 -1.972097252419375
 -1.598543282237028
 -1.227275061232873
 -0.8657815456915805
 -0.5208910756279386
 -0.1986209835227466
 0.09594821387007202
 0.3587711056593874
 0.5869059627079778
 0.7785521948473384
 0.9330561091466578
 1.050885224189054
 1.133572220001026
 1.183630396161999
 1.204443251264103
 1.200131466250116
 1.17540115504669
 1.135377723457071
 1.085430039291097
 1.030989854000134
 0.9773715226910922
 0.9295970427390892
 0.8922312721756769
 0.8692319018913275
 0.8638183480640431
 0.8783632138303974
 0.9143093556079607
 0.9721148957048789
 1.051227767032338
 1.150090577595204
 1.266175762801351
 1.396050173889643
 1.535467452330315
 1.679485783761409
 1.822607930674508
 1.958939828850057
 2.082363514607831
 2.186719741948922
 2.265995361463539
 2.314510374196546
 2.327099547923557
 2.299283591493166
 2.227425122576632
 2.108865029484392
 1.942035309556404
 1.726545052892659
 1.463236916030542
 1.154212178434616
 0.8028232762828302
 0.4136335425430957
 -0.007655271619921633
 -0.4543062831802691
 -0.9186793561554454
 -1.392388606017967
 -1.866481882443985
 -2.331637992527153
 -2.778376940677603
 -3.197278093043749
 -3.579200933214726
 -3.91550296872173
 -4.198249377612442
 -4.42040915078913
 -4.576032785076553
 -4.660407006927922
 -4.670182546897303
 -4.603471627166778
 -4.459912552576916
 -4.240699591621651
 -3.948577177843313
 -3.587798332866346
 -3.164048088101501
 -2.684333540943215
 -2.156843001488628
 -1.590777446793161
 -0.9961581822938053
 -0.3836151970838407
 0.2358388235732417
 0.8510435107655119
 1.450929308719673
 2.024753828959212
 2.562330487900725
 3.054244044675584
 3.492047979625195
 3.868439102371356
 4.177405340298648
 4.414343319552374
 4.576143094594197
 4.661238190245037
 4.669619971653065
 4.602816231349347
 4.463834756549119
 4.257073492197161
 3.988199724590213
 3.664001456502282
 3.292214808983334
 2.881331850891496
 2.440393710760679
 1.97877415568028
 1.50595902049461
 1.031326933195183
 0.5639367077105804
 0.112326565723436
 -0.3156699895966255
 -0.7130872839381195
 -1.073965769237866
 -1.393462371356061
 -1.667930487724682
 -1.894968028237381
 -2.073432722911825
 -2.203424765447265
 -2.286237701030005
 -2.324279278118108
 -2.320964746737206
 -2.280585780599535
 -2.208158809460486
 -2.109257056128168
 -1.989830966642662
 -1.85602199249837
 -1.713974823748786
 -1.56965317813159
 -1.428664124154993
 -1.296095659005167
 -1.176371882128942
 -1.073129612534567
 -0.9891197052605456
 -0.9261356456719312
 -0.8849712570035841
 -0.8654085663297475
 -0.8662360575516503
 -0.8852967183804761
 -0.9195644830945151
 -0.965246905075299
 -1.01791118281602
 -1.07263002879288
 -1.124143328877226
 -1.167031105029873
 -1.195892977283962
 -1.205529130861119
 -1.191117735774838
 -1.148383841151415
 -1.073754972984581
 -0.9644989969755652
 -0.8188402590563355
 -0.6360505736524955
 -0.4165122794471581
 -0.1617513076899624
 0.1255610096895021
 0.4416378458998851
 0.7816381181067018
 1.139757849556442
 1.50934964390667
 1.883067507406054
 2.253033569055646
 2.611022649002113
 2.948660126897282
 3.257628177962689
 3.529875185278343
 3.757823009443463
 3.934566804953413
 4.054062216653167
 4.111295066251359
 4.102429041498008
 4.024927419407149
 3.877645477019732
 3.660890953173131
 3.376450704822191
 3.027582532075097
 2.618972006379169
 2.156655004531693
 1.647907505479673
 1.101105025605578
 0.5255548306287948
 -0.06869525095316609
 -0.6710669942686257
 -1.270676020238128
 -1.856564844589453
 -2.41793922997923
 -2.944402238757107
 -3.426180423952473
 -3.854336774042152
 -4.22096533864787
 -4.519362899827212
 -4.744173606184052
 -4.891503140861167
 -4.958999733250776
 -4.945900129493088
 -4.853039488373919
 -4.682825045763984
 -4.439174270322233
 -4.127419093803617
 -3.754178619448344
 -3.327203471096777
 -2.855195624941938
 -2.347608148295961
 -1.814429740968392
 -1.265959323217059
 -0.7125761312307558
 -0.1645108615728208
 0.3683766517636974
 0.8768079382738456
 1.352279605878629
 1.787235754065627
 2.175215128588051
 2.510969716849876
 2.790552218621354
 3.011370623139428
 3.172208960596412
 3.273214152157639
 3.31584973618638
 3.302818077611667
 3.237953451336804
 3.126089109438773
 2.972902077538927
 2.784739962185764
 2.568434475000703
 2.331106680225891
 2.079969142875319
 1.822130190979453
 1.564405406930058
 1.313141232636
 1.074055217432344
 0.8520969659933937
 0.6513332684022393
 0.4748602311764154
 0.324744493845019
 0.2019948298146053
 0.1065646132547402
 0.03738480685637025
 -0.007573689925578719
 -0.03121027495850059
 -0.03718013195703918
 -0.02975830280604164
 -0.01368624120275649
 0.005994790511233417
 0.02411877094994563
 0.03557348169898678
 0.03547755475394476
 0.01935101847862697
 -0.01672547269836477
 -0.07596723993586618
 -0.1607621085632043
 -0.2725704307274197
 -0.4118515455373926
 -0.5780189173561177
 -0.7694254292537346
 -0.9833795039577449
 -1.21619189982088
 -1.463252205816207
 -1.7191332587962
 -1.977720949097768
 -2.232366186814994
 -2.476055188873623
 -2.701593732521549
 -2.901800617609265
 -3.069705298835097
 -3.198744497618886
 -3.282952585759897
 -3.317140650417122
 -3.297059399636862
 -3.219541443663458
 -3.082618980363514
 -2.885613511013506
 -2.629194900477084
 -2.315407856124818
 -1.94766471353579
 -1.530704263461166
 -1.070517212251135
 -0.5742397151292318
 -0.05001723675597991
 0.4931582443600038
 1.045633981381256
 1.597300848858754
 2.137811577011817
 2.656807655424127
 3.144149483710089
 3.590144234184289
 3.985765917003091
 4.322862301312334
 4.594343642830934
 4.794348591826241
 4.918383195189841
 4.963429548942493
 4.928021387016524
 4.812284690403587
 4.617942247788434
 4.34828197344155
 4.008089668533303
 3.603547776126038
 3.142102506262566
 2.632302475124922
 2.083612691977262
 1.506208322297071
 0.9107531402915724
 0.308167946830383
 -0.2906055392876974
 -0.8748397135560133
 -1.434249481885094
 -1.959208642226275
 -2.440949187299845
 -2.87173890279401
 -3.245033187667329
 -3.555597674884273
 -3.799598965451582
 -3.974661587358693
 -4.079890133709095
 -4.115856399636508
 -4.084552203667985
 -3.989309424179729
 -3.834689584223821
 -3.626346058127353
 -3.370862632352154
 -3.075572714718404
 -2.748363936317052
 -2.397473218202537
 -2.031277572351064
 -1.658085968807507
 -1.285937527298791
 -0.9224110842045088
 -0.5744508504058767
 -0.24821242119428
 0.05106716185029803
 0.3191722505493644
 0.5529820134711974
 0.750512909686071
 0.9109295001038047
 1.034523718471156
 1.122663551917211
 1.177712880277598
 1.202924973708395
 1.202312830016155
 1.180500129169403
 1.14255707735346
 1.093825794039404
 1.039740153178321
 0.9856451173117809
 0.936620597990468
 0.8973147377352517
 0.8717912416120737
 0.8633949974155086
 0.8746397227037084
 0.9071207776295898
 0.9614556003424446
 1.037253474511007
 1.133115545746853
 1.246665186071449
 1.374607984407493
 1.51281983782032
 1.656460853872469
 1.800112068974021
 1.937931359496248
 2.063824388163768
 2.171626001938284
 2.255287190566527
 2.309062535430709
 2.327693031270432
 2.306579250291811
 2.241940037228999
 2.130952269760961
 1.971867682710553
 1.764103325010583
 1.508302881088525
 1.206366826278142
 0.8614501803279535
 0.4779274537592573
 0.06132522748741764
 -0.3817763549263704
 -0.843871092324987
 -1.31668037667318
 -1.791329445036093
 -2.258542082378249
 -2.708849121218158
 -3.132805696339322
 -3.521211950880261
 -3.865331761269681
 -4.157104056342541
 -4.38934145078857
 -4.555911191596701
 -4.651893821701859
 -4.673715487721359
 -4.619250445596608
 -4.487891033582761
 -4.280583168526926
 -3.999826259100667
 -3.649637297632962
 -3.235479768662865
 -2.764158875293129
 -2.243685412187581
 -1.683111385802279
 -1.092341178742632
 -0.4819226584712374
 0.1371768742531886
 0.7538046273151026
 1.356860635252106
 1.935534830859532
 2.479537278723653
 2.979316148029449
 3.426258304938564
 3.812867834090571
 4.132918343519019
 4.381575553776727
 4.555487404040667
 4.65283970699624
 4.673376230272345
 4.618382953847177
 4.490637128272203
 4.294322615801783
 4.034913814089997
 3.719031219574417
 3.354272366112516
 2.94902245699577
 2.512249480725325
 2.053288951288161
 1.581623633638513
 1.106663699491102
 0.6375327056576638
 0.1828645987691715
 -0.2493833684619058
 -0.652097364767521
 -1.019149457646085
 -1.345512592994512
 -1.627345555110476
 -1.862046170944718
 -2.048271848317132
 -2.185927382409672
 -2.27612080654413
 -2.32108888047957
 -2.324094581344046
 -2.289299669161628
 -2.221616022779217
 -2.12653996703015
 -2.009974224951121
 -1.87804241946508
 -1.736901209982141
 -1.592555177037184
 -1.450679461992278
 -1.316454932056854
 -1.194420279851455
 -1.088344991095701
 -1.001126536317883
 -0.9347144779657144
 -0.890063450376779
 -0.8671161859550982
 -0.8648169470919287
 -0.8811549011163704
 -0.9132361663237001
 -0.9573824820223678
 -1.009253734790956
 -1.063990925561497
 -1.116375604670771
 -1.16100134923777
 -1.192452521023533
 -1.205485332180264
 -1.195206166633445
 -1.157242158504409
 -1.087899214763819
 -0.9843029825865072
 -0.8445186947215416
 -0.6676463675750999
 -0.4538884627745925
 -0.2045878374314249
 0.0777654172163087
 0.3895588345603587
 0.7261138809436991
 1.081772634564441
 1.450012948800493
 1.823589451521477
 2.194697034402762
 2.555152871625332
 2.896592491731934
 3.2106750234106
 3.489292456325904
 3.724777609410463
 3.910105485527504
 4.03908281392595
 4.106520837769464
 4.108386787151006
 4.041929979067108
 3.905779092454453
 3.700007863504434
 3.426167216652343
 3.087282670578788
 2.687816715545888
 2.23359672683072
 1.731709836991393
 1.190367015511717
 0.6187393771109302
 0.02677044006489837
 -0.5750313345137161
 -1.175814887882983
 -1.764618574057928
 -2.330606360039578
 -2.863302619881508
 -3.352819944499418
 -3.790074545337539
 -4.166984120746851
 -4.47664347203792
 -4.713473691261034
 -4.873341381505893
 -4.953645096945761
 -4.953366985812044
 -4.873088465054241
 -4.71496962945165
 -4.482692978515455
 -4.18137290961806
 -3.817433253775064
 -3.398455900696573
 -2.933004252906847
 -2.430425847647572
 -1.900638975075571
 -1.353908489845207
 -0.8006162515239358
 -0.2510317317050492
 0.2849117101041536
 0.7978295525083638
 1.279082815903499
 1.720954148850053
 2.116799244566741
 2.461170176430166
 2.749907965396917
 2.980202480307056
 3.150618603930282
 3.261088452151253
 3.312870289103007
 3.308475615612724
 3.25156670086403
 3.146827557663901
 2.999812011716894
 2.816773068529266
 2.604478224182291
 2.370015687268014
 2.120596670952374
 1.863358971927904
 1.605176975889588
 1.352483019527101
 1.11110470268161
 0.8861222903226047
 0.6817497844194731
 0.5012425953748338
 0.3468340185208303
 0.2197019422037065
 0.1199664005252328
 0.0467177570635906
 -0.001925512631978599
 -0.02873126101811652
 -0.03724289131800318
 -0.03164659329697894
 -0.01662040568563916
 0.002830599355423506
 0.02154834669195205
 0.03440009655745646
 0.03645606970724147
 0.02316135718916379
 -0.009502736158667258
 -0.06487248556267611
 -0.1454748475254297
 -0.2529235264536782
 -0.3878410552092801
 -0.5498092467304561
 -0.7373496186324096
 -0.9479345931796792
 -1.178029451984994
 -1.423164199629761
 -1.678033684587579
 -1.936623560372088
 -2.19235896470965
 -2.438272168221077
 -2.667184913041467
 -2.871900740046093
 -3.045402302119308
 -3.181048488359727
 -3.272766145117212
 -3.315231275738213
 -3.304034829827097
 -3.235828549258187
 -3.108446813366419
 -2.92100100790657
 -2.673943616937168
 -2.369099986801547
 -2.00966651791233
 -1.600174882694846
 -1.146422725425361
 -0.6553721500206617
 -0.135018123428345
 0.4057703058366126
 0.9574323720248787
 1.509917322403316
 2.052900784820454
 2.576010648878471
 3.069057068758645
 3.522261061459245
 3.926476177598877
 4.273397863249082
 4.555755407237568
 4.76748177233776
 4.903857130823619
 4.961622552112075
 4.939061007059303
 4.836043642067517
 4.65404011681173
 4.396092671102186
 4.06675446735324
 3.671993623282262
 3.219065183082995
 2.716354053534501
 2.173192634853765
 1.599657486985962
 1.006349875207889
 0.4041654218604002
 -0.1959416557616804
 -0.7831941240767573
 -1.347221552627018
 -1.878278957915555
 -2.367449148664498
 -2.806824069055244
 -3.189660971574841
 -3.510509888002285
 -3.765309589613932
 -3.951450017519093
 -4.067800001126527
 -4.114699945903195
 -4.093920039003021
 -4.008585371130867
 -3.86307018376826
 -3.662864202255466
 -3.414414688376592
 -3.124948424235474
 -2.802278307990691
 -2.4545995899021
 -2.09028099569309
 -1.717656068331399
 -1.344820007290323
 -0.9794370979685163
 -0.6285635084371852
 -0.2984897945618996
 0.005393090617406671
 0.2787011272199469
 0.5181354603580628
 0.7215298723220116
 0.8878666500968002
 1.017260837234372
 1.110913689486321
 1.171036958885174
 1.200750390388501
 1.203955509227063
 1.185189387900299
 1.149462593685801
 1.102085917488782
 1.048490762681526
 0.9940482212593418
 0.9438918805016552
 0.9027492861508815
 0.8747867411149728
 0.8634717484315235
 0.8714569234589105
 0.90048861566783
 0.951342810292656
 1.023790141971034
 1.116591065622146
 1.227521414720141
 1.353427755079108
 1.490311134736114
 1.633437058591542
 1.777468800324927
 1.916620522507381
 2.044826125619063
 2.155919302352896
 2.24381994691703
 2.302721868786906
 2.327276691999588
 2.312768886723391
 2.255277078115023
 2.151817103614533
 2.000462735733684
 1.800440541881406
 1.552196001836978
 1.257428730659261
 0.9190954416064774
 0.5413801099614615
 0.1296316433768181
 -0.3097297941680157
 -0.7693358410875628
 -1.241019645128975
 -1.715988779091113
 -2.185017304919428
 -2.638652404968203
 -3.067430592195755
 -3.462098228560647
 -3.813830930508557
 -4.114446426427886
 -4.356605554084832
 -4.533996343627903
 -4.641496517643705
 -4.675310244559798
 -4.633075592992741
 -4.513939837279066
 -4.318600540911479
 -4.049311175545502
 -3.709850897845617
 -3.30545898303497
 -2.842735280592665
 -2.329508892334161
 -1.774678055119226
 -1.188024919980931
 -0.5800095386885663
 0.03845211794494231
 0.6562208912665957
 1.262172431111447
 1.845434842733292
 2.395620378449562
 2.903045715310404
 3.358935642145545
 3.755605389128046
 4.086617360188718
 4.346908659937896
 4.532886526298276
 4.642489569711788
 4.675213559677706
 4.632101368395838
 4.515697557588971
 4.329968956173033
 4.080193401736715
 3.772819587136653
 3.415301645730292
 3.015912707634551
 2.583542150075741
 2.127481635319819
 1.657205270836564
 1.18214933255076
 0.7114969609918562
 0.2539730730884242
 -0.182345566072379
 -0.5902005889799182
 -0.9632986004170683
 -1.296430724954217
 -1.585562485185206
 -1.827892146213681
 -2.02187648276235
 -2.16722376833612
 -2.264854629478669
 -2.3168322307094
 -2.326264036184449
 -2.297178112581497
 -2.234377575892217
 -2.143277326531563
 -2.029727648770263
 -1.899829561148638
 -1.759746986547102
 -1.6155208596115
 -1.472890204328436
 -1.337124998236942
 -1.212875297961419
 -1.104040642590132
 -1.013663189037086
 -0.9438473817227495
 -0.8957082347957019
 -0.8693495276533401
 -0.8638724040321102
 -0.8774140425914174
 -0.9072152541763756
 -0.9497150790175513
 -1.000669726417338
 -1.055292539055813
 -1.108411091181307
 -1.15463705962572
 -1.188544151138097
 -1.204849138338244
 -1.198590955813101
 -1.165302840297953
 -1.101172663849285
 -1.003186902336518
 -0.8692540960422575
 -0.6983041841164193
 -0.4903607166522825
 -0.2465836513004052
 0.03071879245769349
 0.3381099387123172
 0.6710760055319336
 1.024108052710185
 1.390812766773235
 1.764049552378881
 2.136090690116621
 2.498800691739322
 2.843830451497307
 3.162821370512875
 3.447614331245021
 3.690458229158768
 3.884212733533523
 4.022540050282176
 4.1000806945955
 4.112608644628874
 4.057161730482183
 3.932143703482761
 3.737395114593289
 3.474230890560412
 3.145443313154844
 2.755269960004873
 2.309327033607968
 1.814509366207258
 1.278859220582559
 0.7114067893480942
 0.1219860082302896
 -0.4789700760924437
 -1.080649621581816
 -1.672092823433328
 -2.242427820179929
 -2.781106087285538
 -3.278131727969977
 -3.724279205357228
 -4.111294329744275
 -4.432073713225977
 -4.680818421189929
 -4.85315817343231
 -4.946243161275743
 -4.958801333251852
 -4.89115984097057
 -4.745230207732886
 -4.524457663448606
 -4.233735958449351
 -3.879289804101305
 -3.468527868849504
 -3.009869964983225
 -2.512552676405041
 -1.98641818574254
 -1.441691447716765
 -0.8887511152459195
 -0.3378997490741416
 0.2008611720542708
 0.7180460748292823
 1.204884867009064
 1.653502594024952
 2.057075030575698
 2.409956687949614
 2.707778429892753
 2.947512669000167
 3.127504941925135
 3.247471514080148
 3.308463521239775
 3.312798994770117
 3.263964917817088
 3.166492201435297
 3.025807133621061
 2.848063423843279
 2.639959426709349
 2.408545469425137
 2.161026420374554
 1.904564715423253
 1.646089002839378
 1.392113378884912
 1.148571869443051
 0.9206723770564817
 0.7127737690661891
 0.5282891455090024
 0.3696176117888479
 0.2381061095582064
 0.1340420498786739
 0.05667666666065019
 0.004278187110206888
 -0.02578687922499601
 -0.03694677956709524
 -0.03329501408128466
 -0.01944201626998621
 -0.000352243606061624
 0.01882870904162204
 0.03295209643898833
 0.03704409869934178
 0.02647897155628365
 -0.002857612535990706
 -0.05441965646306635
 -0.1308706052806374
 -0.233975534319202
 -0.3645189100642479
 -0.5222503958307148
 -0.7058604279132314
 -0.9129864940611452
 -1.140250225414349
 -1.383324586771418
 -1.637029639742671
 -1.895454580081969
 -2.152103034479687
 -2.40005796207216
 -2.63216195869059
 -2.841208321874034
 -3.020137913616833
 -3.162236664368431
 -3.261328501350526
 -3.311958558787861
 -3.309561735681988
 -3.250612003380988
 -3.132748322190688
 -2.954873592304368
 -2.717223725256764
 -2.421404661329052
 -2.070395957198568
 -1.668520406436091
 -1.221380011943837
 -0.7357594823310702
 -0.2194992518240559
 0.3186591955260654
 0.8692522018111943
 1.422292885866447
 1.967485513893115
 2.494450221060687
 2.992952726031421
 3.453133524391982
 3.865731028334388
 4.222293239404967
 4.515372796024915
 4.738700621661165
 4.887333903569992
 4.957774743506359
 4.948056525507512
 4.857795824299018
 4.688208511610942
 4.442089585898232
 4.123757131917998
 3.738961688277831
 3.294763141615795
 2.799378054459732
 2.262001050315268
 1.692604506231234
 1.101721324338035
 0.5002159566655994
 -0.1009508680801993
 -0.6909581279117858
 -1.259355612592448
 -1.796284699477894
 -2.292683621761128
 -2.74047245081102
 -3.132713531808111
 -3.463743733592468
 -3.729275583726259
 -3.926465140188193
 -4.053945282079002
 -4.111823962174036
 -4.101647832368789
 -4.026332507108987
 -3.890061548271425
 -3.69815701709464
 -3.456925125549215
 -3.173481113840627
 -2.855557967783254
 -2.51130395757107
 -2.149074219051589
 -1.777221704323714
 -1.403892798092064
 -1.036832730959886
 -0.6832056254132768
 -0.3494335926356495
 -0.04105876960485166
 0.2373684399151719
 0.4823723634800725
 0.6916045091083629
 0.8638644887069706
 0.9990892716543629
 1.098311456826147
 1.16358806204332
 1.197902097996656
 1.205039899389312
 1.189447811204616
 1.156072356624735
 1.110188431676607
 1.057220369511932
 1.00256088680619
 0.9513929618810741
 0.9085195980413163
 0.878206198932366
 0.8640399315156484
 0.8688099857861233
 0.8944120708607157
 0.9417798294527711
 1.01084512419994
 1.100528368849581
 1.208759265295222
 1.332527485084829
 1.467962022753087
 1.610437169351056
 1.754702328222137
 1.895032240421034
 2.025393621369694
 2.139623748290153
 2.231616191879139
 2.295508664841506
 2.325867870304255
 2.317866277433391
 2.267445928962813
 2.171464691577264
 2.027820787593371
 1.83555198444622
 1.594906453535945
 1.307383025917871
 0.9757393509213661
 0.6039672852006901
 0.1972356829524009
 -0.2381983985181249
 -0.6951082416902179
 -1.165443144571952
 -1.640497896958078
 -2.111102089381645
 -2.567824749197449
 -3.001189372293735
 -3.401894116003834
 -3.761031746997137
 -4.070303902054816
 -4.322224321019207
 -4.510305947693215
 -4.62922716047096
 -4.674972881109897
 -4.644946905346995
 -4.538052488268818
 -4.354738983323887
 -4.097013157497074
 -3.768414665843745
 -3.373956044737381
 -2.920028452829555
 -2.414275230008844
 -1.865436136416757
 -1.283165855917991
 -0.6778309831355638
 -0.06029024426733336
 0.5583368839858793
 1.166907706366216
 1.754494388832408
 2.310616969576099
 2.825465809979907
 3.290108255176809
 3.6966746639203
 4.038519476787526
 4.310353607476687
 4.508345148618892
 4.630186163305616
 4.675124166817092
 4.64395776886246
 4.538996823260055
 4.363988297383964
 4.124009906191525
 3.825334334388399
 3.475267575838481
 3.081965534118295
 2.654233536906912
 2.201313807165119
 1.732666196275993
 1.257747612257334
 0.7857955669810845
 0.3256211207088255
 -0.1145837757017589
 -0.5274199433686664
 -0.9064315621960179
 -1.246230219083088
 -1.542589657010474
 -1.792509233242436
 -1.994244910240981
 -2.14730744385348
 -2.252428278310386
 -2.311494484902108
 -2.327454869730543
 -2.304200105535424
 -2.246420394704485
 -2.159444728651113
 -2.049066258680612
 -1.921358623979169
 -1.782488285243249
 -1.638527982823905
 -1.495276374606564
 -1.35808871315711
 -1.231723099320522
 -1.120206409090464
 -1.026723443855468
 -0.9535322154750154
 -0.9019075638147784
 -0.8721145340721788
 -0.8634121345927426
 -0.8740872739849561
 -0.9015178606387784
 -0.9422632595254687
 -0.9921795609732132
 -1.046556443293049
 -1.10027182325136
 -1.147960000829511
 -1.184188630260889
 -1.203639597857206
 -1.201288765310016
 -1.172579548315184
 -1.113585444407252
 -1.021156897265265
 -0.8930482805639703
 -0.72802129263059
 -0.5259216607372812
 -0.2877267452468237
 -0.01556239127521719
 0.2873118204508853
 0.6165489420047143
 0.9667918301184859
 1.331779488548952
 1.704480169215047
 2.077248100145013
 2.44200006537025
 2.790407513145868
