-12.5663698143591  3.30364890906257
-12.5463698143591  3.56933285475596
-12.5263698143591  3.789567818459784
-12.5063698143591  3.95757386473344
-12.4863698143591  4.067459867470164
-12.4663698143591  4.114389981331032
-12.4463698143591  4.094727446206475
-12.4263698143591  4.006151848619946
-12.4063698143591  3.847746601195366
-12.3863698143591  3.62005412368743
-12.3663698143591  3.325096998551969
-12.3463698143591  2.966364210800671
-12.3263698143591  2.548762444888795
-12.3063698143591  2.078533278869562
-12.2863698143591  1.563137966105411
-12.2663698143591  1.011112305950387
-12.2463698143591  0.43189485645746
-12.2263698143591  -0.1643675847570391
-12.2063698143591  -0.7670327279573063
-12.1863698143591  -1.365188796496587
-12.1663698143591  -1.947888474574332
-12.1463698143591  -2.504385268854992
-12.1263698143591  -3.024366678550921
-12.1063698143591  -3.498178630731554
-12.0863698143591  -3.917035837256658
-12.0663698143591  -4.273213061977991
-12.0463698143591  -4.560212743497559
-12.0263698143591  -4.772904988456323
-12.0063698143591  -4.907636618844958
-11.9863698143591  -4.962306707473018
-11.9663698143591  -4.936406849727456
-11.9463698143591  -4.831025276722793
-11.9263698143591  -4.648814793439428
-11.9063698143591  -4.393925403474007
-11.8863698143591  -4.071903337617032
-11.8663698143591  -3.689559015236247
-11.8463698143591  -3.254807215107309
-11.8263698143591  -2.776483397255508
-11.8063698143591  -2.264140683017877
-11.7863698143591  -1.727832452889849
-11.7663698143591  -1.177885849645783
-11.7463698143591  -0.6246716697361047
-11.7263698143591  -0.0783761844384403
-11.7063698143591  0.4512196474800189
-11.6863698143591  0.9549483294059671
-11.6663698143591  1.424446438300907
-11.6463698143591  1.852323264047633
-11.6263698143591  2.232303618461461
-11.6063698143591  2.559341625363678
-11.5863698143591  2.829703049636442
-11.5663698143591  3.041014527440089
-11.5463698143591  3.192278901225435
-11.5263698143591  3.283856720360194
-11.5063698143591  3.31741481929966
-11.4863698143591  3.295843708657303
-11.4663698143591  3.22314628941192
-11.4463698143591  3.104301107247648
-11.4263698143591  2.945103984864871
-11.4063698143591  2.751992389459243
-11.3863698143591  2.531857297505139
-11.3663698143591  2.2918475995151
-11.3463698143591  2.039172236800093
-11.3263698143591  1.780905277023124
-11.3063698143591  1.523799015575105
-11.2863698143591  1.274109939012763
-11.2663698143591  1.037442011847592
-11.2463698143591  0.818611258904155
-11.2263698143591  0.6215350252339271
-11.2063698143591  0.4491486197169861
-11.1863698143591  0.3033513047272789
-11.1663698143591  0.1849828020196238
-11.1463698143591  0.09383066498044967
-11.1263698143591  0.02866804092204833
-11.1063698143591  -0.01267946431701916
-11.0863698143591  -0.03323988249579246
-11.0663698143591  -0.03677672189505232
-11.0463698143591  -0.02764997526457186
-11.0263698143591  -0.01066027556474111
-11.0063698143591  0.009119375095204496
-10.9863698143591  0.02651954877723728
-10.9663698143591  0.03645304961784135
-10.9463698143591  0.03409125678298963
-10.9263698143591  0.01503318422064481
-10.9063698143591  -0.02453751821832406
-10.8863698143591  -0.08771207834147932
-10.8663698143591  -0.176736648248363
-10.8463698143591  -0.2929163578216012
-10.8263698143591  -0.4365462114252732
-10.8063698143591  -0.6068709504182934
-10.7863698143591  -0.8020752325554759
-10.7663698143591  -1.019304670045214
-10.7463698143591  -1.254717441982933
-10.7263698143591  -1.50356537556224
-10.7063698143591  -1.760302595264678
-10.6863698143591  -2.018719090881536
-10.6663698143591  -2.272095873284909
-10.6463698143591  -2.513377789213954
-10.6263698143591  -2.735359568704537
-10.6063698143591  -2.930880294343748
-10.5863698143591  -3.093021220559488
-10.5663698143591  -3.215301740784227
-10.5463698143591  -3.291868304338862
-10.5263698143591  -3.317671223597874
-10.5063698143591  -3.288624582290627
-10.4863698143591  -3.201744851150987
-10.4663698143591  -3.055264327812274
-10.4463698143591  -2.848716131142862
-10.4263698143591  -2.582988180761002
-10.4063698143591  -2.260344362620856
-10.3863698143591  -1.884411901872096
-10.3663698143591  -1.460134813887381
-10.3463698143591  -0.993694161854882
-10.3263698143591  -0.4923966928318746
-10.3063698143591  0.0354657678525383
-10.2863698143591  0.5807830321152241
-10.2663698143591  1.133815566389138
-10.2463698143591  1.68440141881785
-10.2263698143591  2.222176188714881
-10.2063698143591  2.736800814962727
-10.1863698143591  3.218191733837267
-10.1663698143591  3.656747866073004
-10.1463698143591  4.043568940450731
-10.1263698143591  4.37065984591392
-10.1063698143591  4.631116021850517
-10.0863698143591  4.819285338990998
-10.0663698143591  4.930902480475154
-10.0463698143591  4.963192490231942
-10.0263698143591  4.914940897548952
-10.0063698143591  4.786528634091513
-9.98636981435912  4.57993081250507
-9.96636981435912  4.2986793127762
-9.94636981435912  3.947790001793854
-9.92636981435912  3.533656271034261
-9.90636981435912  3.063911395474275
-9.88636981435912  2.547262973239556
-9.86636981435912  1.993303381194086
-9.84636981435912  1.412300759789592
-9.82636981435912  0.8149755065947988
-9.80636981435912  0.2122676004211113
-9.78636981435912  -0.384899711619365
-9.76636981435912  -0.9658542585832128
-9.74636981435912  -1.520401781835193
-9.72636981435912  -2.0390399257398
-9.70636981435912  -2.513154380293886
-9.68636981435912  -2.935192630755193
-9.66636981435912  -3.298811338437994
-9.64636981435912  -3.598994042904831
-9.62636981435912  -3.832136621842818
-9.60636981435912  -3.996098752037159
-9.58636981435912  -4.090220462589712
-9.56636981435912  -4.115303738428421
-9.54636981435912  -4.073559996317663
-9.52636981435912  -3.968525095220024
-9.50636981435912  -3.80494433684962
-9.48636981435912  -3.588630640666097
-9.46636981435912  -3.326299722161048
-9.44636981435912  -3.025386648024582
-9.42636981435912  -2.693848573160482
-9.40636981435912  -2.339958771967132
-9.38636981435912  -1.972097252419375
-9.36636981435912  -1.598543282237028
-9.34636981435912  -1.227275061232873
-9.32636981435912  -0.8657815456915805
-9.30636981435912  -0.5208910756279386
-9.28636981435912  -0.1986209835227466
-9.26636981435912  0.09594821387007202
-9.24636981435912  0.3587711056593874
-9.22636981435912  0.5869059627079778
-9.20636981435912  0.7785521948473384
-9.18636981435912  0.9330561091466578
-9.16636981435912  1.050885224189054
-9.14636981435912  1.133572220001026
-9.12636981435912  1.183630396161999
-9.10636981435912  1.204443251264103
-9.08636981435912  1.200131466250116
-9.06636981435912  1.17540115504669
-9.04636981435912  1.135377723457071
-9.02636981435912  1.085430039291097
-9.00636981435912  1.030989854000134
-8.98636981435912  0.9773715226910922
-8.96636981435912  0.9295970427390892
-8.94636981435912  0.8922312721756769
-8.92636981435912  0.8692319018913275
-8.90636981435912  0.8638183480640431
-8.88636981435912  0.8783632138303974
-8.86636981435912  0.9143093556079607
-8.84636981435912  0.9721148957048789
-8.82636981435912  1.051227767032338
-8.80636981435912  1.150090577595204
-8.78636981435912  1.266175762801351
-8.76636981435912  1.396050173889643
-8.74636981435912  1.535467452330315
-8.72636981435912  1.679485783761409
-8.70636981435912  1.822607930674508
-8.68636981435912  1.958939828850057
-8.66636981435912  2.082363514607831
-8.64636981435912  2.186719741948922
-8.62636981435912  2.265995361463539
-8.60636981435912  2.314510374196546
-8.58636981435912  2.327099547923557
-8.56636981435912  2.299283591493166
-8.54636981435912  2.227425122576632
-8.52636981435912  2.108865029484392
-8.50636981435912  1.942035309556404
-8.48636981435912  1.726545052892659
-8.46636981435912  1.463236916030542
-8.44636981435912  1.154212178434616
-8.42636981435912  0.8028232762828302
-8.40636981435912  0.4136335425430957
-8.38636981435912  -0.007655271619921633
-8.36636981435912  -0.4543062831802691
-8.34636981435912  -0.9186793561554454
-8.32636981435912  -1.392388606017967
-8.30636981435912  -1.866481882443985
-8.28636981435912  -2.331637992527153
-8.26636981435912  -2.778376940677603
-8.24636981435912  -3.197278093043749
-8.22636981435912  -3.579200933214726
-8.20636981435912  -3.91550296872173
-8.18636981435912  -4.198249377612442
-8.16636981435912  -4.42040915078913
-8.14636981435912  -4.576032785076553
-8.12636981435912  -4.660407006927922
-8.10636981435912  -4.670182546897303
-8.08636981435912  -4.603471627166778
-8.06636981435912  -4.459912552576916
-8.04636981435912  -4.240699591621651
-8.02636981435912  -3.948577177843313
-8.00636981435912  -3.587798332866346
-7.98636981435912  -3.164048088101501
-7.96636981435912  -2.684333540943215
-7.94636981435912  -2.156843001488628
-7.92636981435912  -1.590777446793161
-7.90636981435912  -0.9961581822938053
-7.88636981435912  -0.3836151970838407
-7.86636981435912  0.2358388235732417
-7.84636981435912  0.8510435107655119
-7.82636981435912  1.450929308719673
-7.80636981435912  2.024753828959212
-7.78636981435912  2.562330487900725
-7.76636981435912  3.054244044675584
-7.74636981435912  3.492047979625195
-7.72636981435912  3.868439102371356
-7.70636981435912  4.177405340298648
-7.68636981435912  4.414343319552374
-7.66636981435912  4.576143094594197
-7.64636981435912  4.661238190245037
-7.62636981435912  4.669619971653065
-7.60636981435912  4.602816231349347
-7.58636981435912  4.463834756549119
-7.56636981435912  4.257073492197161
-7.54636981435912  3.988199724590213
-7.52636981435912  3.664001456502282
-7.50636981435912  3.292214808983334
-7.48636981435912  2.881331850891496
-7.46636981435912  2.440393710760679
-7.44636981435912  1.97877415568028
-7.42636981435912  1.50595902049461
-7.40636981435912  1.031326933195183
-7.38636981435912  0.5639367077105804
-7.36636981435912  0.112326565723436
-7.34636981435912  -0.3156699895966255
-7.32636981435912  -0.7130872839381195
-7.30636981435912  -1.073965769237866
-7.28636981435912  -1.393462371356061
-7.26636981435912  -1.667930487724682
-7.24636981435912  -1.894968028237381
-7.22636981435912  -2.073432722911825
-7.20636981435912  -2.203424765447265
-7.18636981435912  -2.286237701030005
-7.16636981435912  -2.324279278118108
-7.14636981435912  -2.320964746737206
-7.12636981435912  -2.280585780599535
-7.10636981435912  -2.208158809460486
-7.08636981435912  -2.109257056128168
-7.06636981435912  -1.989830966642662
-7.04636981435912  -1.85602199249837
-7.02636981435912  -1.713974823748786
-7.00636981435912  -1.56965317813159
-6.98636981435912  -1.428664124154993
-6.96636981435912  -1.296095659005167
-6.94636981435912  -1.176371882128942
-6.92636981435912  -1.073129612534567
-6.90636981435912  -0.9891197052605456
-6.88636981435912  -0.9261356456719312
-6.86636981435912  -0.8849712570035841
-6.84636981435912  -0.8654085663297475
-6.82636981435912  -0.8662360575516503
-6.80636981435912  -0.8852967183804761
-6.78636981435912  -0.9195644830945151
-6.76636981435912  -0.965246905075299
-6.74636981435912  -1.01791118281602
-6.72636981435912  -1.07263002879288
-6.70636981435912  -1.124143328877226
-6.68636981435912  -1.167031105029873
-6.66636981435912  -1.195892977283962
-6.64636981435912  -1.205529130861119
-6.62636981435912  -1.191117735774838
-6.60636981435912  -1.148383841151415
-6.58636981435912  -1.073754972984581
-6.56636981435912  -0.9644989969755652
-6.54636981435912  -0.8188402590563355
-6.52636981435912  -0.6360505736524955
-6.50636981435912  -0.4165122794471581
-6.48636981435912  -0.1617513076899624
-6.46636981435912  0.1255610096895021
-6.44636981435912  0.4416378458998851
-6.42636981435912  0.7816381181067018
-6.40636981435912  1.139757849556442
-6.38636981435912  1.50934964390667
-6.36636981435912  1.883067507406054
-6.34636981435912  2.253033569055646
-6.32636981435912  2.611022649002113
-6.30636981435912  2.948660126897282
-6.28636981435912  3.257628177962689
-6.26636981435912  3.529875185278343
-6.24636981435912  3.757823009443463
-6.22636981435912  3.934566804953413
-6.20636981435912  4.054062216653167
-6.18636981435912  4.111295066251359
-6.16636981435912  4.102429041498008
-6.14636981435912  4.024927419407149
-6.12636981435912  3.877645477019732
-6.10636981435912  3.660890953173131
-6.08636981435912  3.376450704822191
-6.06636981435912  3.027582532075097
-6.04636981435912  2.618972006379169
-6.02636981435912  2.156655004531693
-6.00636981435912  1.647907505479673
-5.98636981435912  1.101105025605578
-5.96636981435912  0.5255548306287948
-5.94636981435912  -0.06869525095316609
-5.92636981435912  -0.6710669942686257
-5.90636981435912  -1.270676020238128
-5.88636981435912  -1.856564844589453
-5.86636981435912  -2.41793922997923
-5.84636981435912  -2.944402238757107
-5.82636981435912  -3.426180423952473
-5.80636981435912  -3.854336774042152
-5.78636981435912  -4.22096533864787
-5.76636981435912  -4.519362899827212
-5.74636981435912  -4.744173606184052
-5.72636981435912  -4.891503140861167
-5.70636981435912  -4.958999733250776
-5.68636981435912  -4.945900129493088
-5.66636981435912  -4.853039488373919
-5.64636981435912  -4.682825045763984
-5.62636981435912  -4.439174270322233
-5.60636981435912  -4.127419093803617
-5.58636981435912  -3.754178619448344
-5.56636981435912  -3.327203471096777
-5.54636981435912  -2.855195624941938
-5.52636981435912  -2.347608148295961
-5.50636981435912  -1.814429740968392
-5.48636981435912  -1.265959323217059
-5.46636981435912  -0.7125761312307558
-5.44636981435912  -0.1645108615728208
-5.42636981435912  0.3683766517636974
-5.40636981435912  0.8768079382738456
-5.38636981435912  1.352279605878629
-5.36636981435912  1.787235754065627
-5.34636981435912  2.175215128588051
-5.32636981435912  2.510969716849876
-5.30636981435912  2.790552218621354
-5.28636981435912  3.011370623139428
-5.26636981435912  3.172208960596412
-5.24636981435912  3.273214152157639
-5.22636981435912  3.31584973618638
-5.20636981435912  3.302818077611667
-5.18636981435912  3.237953451336804
-5.16636981435912  3.126089109438773
-5.14636981435912  2.972902077538927
-5.12636981435912  2.784739962185764
-5.10636981435912  2.568434475000703
-5.08636981435912  2.331106680225891
-5.06636981435912  2.079969142875319
-5.04636981435912  1.822130190979453
-5.02636981435912  1.564405406930058
-5.00636981435912  1.313141232636
-4.98636981435912  1.074055217432344
-4.96636981435912  0.8520969659933937
-4.94636981435912  0.6513332684022393
-4.92636981435912  0.4748602311764154
-4.90636981435912  0.324744493845019
-4.88636981435912  0.2019948298146053
-4.86636981435912  0.1065646132547402
-4.84636981435912  0.03738480685637025
-4.82636981435912  -0.007573689925578719
-4.80636981435912  -0.03121027495850059
-4.78636981435912  -0.03718013195703918
-4.76636981435912  -0.02975830280604164
-4.74636981435912  -0.01368624120275649
-4.72636981435912  0.005994790511233417
-4.70636981435912  0.02411877094994563
-4.68636981435912  0.03557348169898678
-4.66636981435912  0.03547755475394476
-4.64636981435912  0.01935101847862697
-4.62636981435912  -0.01672547269836477
-4.60636981435912  -0.07596723993586618
-4.58636981435912  -0.1607621085632043
-4.56636981435912  -0.2725704307274197
-4.54636981435912  -0.4118515455373926
-4.52636981435912  -0.5780189173561177
-4.50636981435912  -0.7694254292537346
-4.48636981435912  -0.9833795039577449
-4.46636981435912  -1.21619189982088
-4.44636981435912  -1.463252205816207
-4.42636981435912  -1.7191332587962
-4.40636981435912  -1.977720949097768
-4.38636981435912  -2.232366186814994
-4.36636981435912  -2.476055188873623
-4.34636981435912  -2.701593732521549
-4.32636981435912  -2.901800617609265
-4.30636981435912  -3.069705298835097
-4.28636981435912  -3.198744497618886
-4.26636981435912  -3.282952585759897
-4.24636981435912  -3.317140650417122
-4.22636981435912  -3.297059399636862
-4.20636981435912  -3.219541443663458
-4.18636981435912  -3.082618980363514
-4.16636981435912  -2.885613511013506
-4.14636981435912  -2.629194900477084
-4.12636981435912  -2.315407856124818
-4.10636981435912  -1.94766471353579
-4.08636981435912  -1.530704263461166
-4.06636981435912  -1.070517212251135
-4.04636981435912  -0.5742397151292318
-4.02636981435912  -0.05001723675597991
-4.00636981435912  0.4931582443600038
-3.98636981435912  1.045633981381256
-3.96636981435912  1.597300848858754
-3.94636981435912  2.137811577011817
-3.92636981435912  2.656807655424127
-3.90636981435912  3.144149483710089
-3.88636981435912  3.590144234184289
-3.86636981435912  3.985765917003091
-3.84636981435912  4.322862301312334
-3.82636981435912  4.594343642830934
-3.80636981435912  4.794348591826241
-3.78636981435912  4.918383195189841
-3.76636981435912  4.963429548942493
-3.74636981435912  4.928021387016524
-3.72636981435912  4.812284690403587
-3.70636981435912  4.617942247788434
-3.68636981435912  4.34828197344155
-3.66636981435912  4.008089668533303
-3.64636981435912  3.603547776126038
-3.62636981435912  3.142102506262566
-3.60636981435912  2.632302475124922
-3.58636981435912  2.083612691977262
-3.56636981435912  1.506208322297071
-3.54636981435912  0.9107531402915724
-3.52636981435912  0.308167946830383
-3.50636981435912  -0.2906055392876974
-3.48636981435912  -0.8748397135560133
-3.46636981435912  -1.434249481885094
-3.44636981435912  -1.959208642226275
-3.42636981435912  -2.440949187299845
-3.40636981435912  -2.87173890279401
-3.38636981435912  -3.245033187667329
-3.36636981435912  -3.555597674884273
-3.34636981435912  -3.799598965451582
-3.32636981435912  -3.974661587358693
-3.30636981435912  -4.079890133709095
-3.28636981435912  -4.115856399636508
-3.26636981435912  -4.084552203667985
-3.24636981435912  -3.989309424179729
-3.22636981435912  -3.834689584223821
-3.20636981435912  -3.626346058127353
-3.18636981435912  -3.370862632352154
-3.16636981435912  -3.075572714718404
-3.14636981435912  -2.748363936317052
-3.12636981435912  -2.397473218202537
-3.10636981435912  -2.031277572351064
-3.08636981435912  -1.658085968807507
-3.06636981435912  -1.285937527298791
-3.04636981435912  -0.9224110842045088
-3.02636981435912  -0.5744508504058767
-3.00636981435912  -0.24821242119428
-2.98636981435912  0.05106716185029803
-2.96636981435912  0.3191722505493644
-2.94636981435912  0.5529820134711974
-2.92636981435912  0.750512909686071
-2.90636981435912  0.9109295001038047
-2.88636981435912  1.034523718471156
-2.86636981435912  1.122663551917211
-2.84636981435912  1.177712880277598
-2.82636981435912  1.202924973708395
-2.80636981435912  1.202312830016155
-2.78636981435912  1.180500129169403
-2.76636981435912  1.14255707735346
-2.74636981435912  1.093825794039404
-2.72636981435912  1.039740153178321
-2.70636981435912  0.9856451173117809
-2.68636981435912  0.936620597990468
-2.66636981435912  0.8973147377352517
-2.64636981435912  0.8717912416120737
-2.62636981435912  0.8633949974155086
-2.60636981435912  0.8746397227037084
-2.58636981435912  0.9071207776295898
-2.56636981435912  0.9614556003424446
-2.54636981435912  1.037253474511007
-2.52636981435912  1.133115545746853
-2.50636981435912  1.246665186071449
-2.48636981435912  1.374607984407493
-2.46636981435912  1.51281983782032
-2.44636981435912  1.656460853872469
-2.42636981435912  1.800112068974021
-2.40636981435912  1.937931359496248
-2.38636981435912  2.063824388163768
-2.36636981435912  2.171626001938284
-2.34636981435912  2.255287190566527
-2.32636981435912  2.309062535430709
-2.30636981435912  2.327693031270432
-2.28636981435912  2.306579250291811
-2.26636981435912  2.241940037228999
-2.24636981435912  2.130952269760961
-2.22636981435912  1.971867682710553
-2.20636981435912  1.764103325010583
-2.18636981435912  1.508302881088525
-2.16636981435912  1.206366826278142
-2.14636981435912  0.8614501803279535
-2.12636981435912  0.4779274537592573
-2.10636981435912  0.06132522748741764
-2.08636981435912  -0.3817763549263704
-2.06636981435912  -0.843871092324987
-2.04636981435912  -1.31668037667318
-2.02636981435912  -1.791329445036093
-2.00636981435912  -2.258542082378249
-1.98636981435912  -2.708849121218158
-1.96636981435912  -3.132805696339322
-1.94636981435912  -3.521211950880261
-1.92636981435912  -3.865331761269681
-1.90636981435912  -4.157104056342541
-1.88636981435912  -4.38934145078857
-1.86636981435912  -4.555911191596701
-1.84636981435912  -4.651893821701859
-1.82636981435912  -4.673715487721359
-1.80636981435912  -4.619250445596608
-1.78636981435912  -4.487891033582761
-1.76636981435912  -4.280583168526926
-1.74636981435912  -3.999826259100667
-1.72636981435912  -3.649637297632962
-1.70636981435912  -3.235479768662865
-1.68636981435912  -2.764158875293129
-1.66636981435912  -2.243685412187581
-1.64636981435912  -1.683111385802279
-1.62636981435912  -1.092341178742632
-1.60636981435912  -0.4819226584712374
-1.58636981435912  0.1371768742531886
-1.56636981435912  0.7538046273151026
-1.54636981435912  1.356860635252106
-1.52636981435912  1.935534830859532
-1.50636981435912  2.479537278723653
-1.48636981435912  2.979316148029449
-1.46636981435912  3.426258304938564
-1.44636981435912  3.812867834090571
-1.42636981435912  4.132918343519019
-1.40636981435912  4.381575553776727
-1.38636981435912  4.555487404040667
-1.36636981435912  4.65283970699624
-1.34636981435912  4.673376230272345
-1.32636981435912  4.618382953847177
-1.30636981435912  4.490637128272203
-1.28636981435912  4.294322615801783
-1.26636981435912  4.034913814089997
-1.24636981435912  3.719031219574417
-1.22636981435912  3.354272366112516
-1.20636981435912  2.94902245699577
-1.18636981435912  2.512249480725325
-1.16636981435912  2.053288951288161
-1.14636981435912  1.581623633638513
-1.12636981435912  1.106663699491102
-1.10636981435912  0.6375327056576638
-1.08636981435912  0.1828645987691715
-1.06636981435912  -0.2493833684619058
-1.04636981435912  -0.652097364767521
-1.02636981435912  -1.019149457646085
-1.00636981435912  -1.345512592994512
-0.98636981435912  -1.627345555110476
-0.966369814359121  -1.862046170944718
-0.946369814359121  -2.048271848317132
-0.92636981435912  -2.185927382409672
-0.90636981435912  -2.27612080654413
-0.886369814359121  -2.32108888047957
-0.866369814359121  -2.324094581344046
-0.84636981435912  -2.289299669161628
-0.82636981435912  -2.221616022779217
-0.806369814359121  -2.12653996703015
-0.786369814359121  -2.009974224951121
-0.76636981435912  -1.87804241946508
-0.74636981435912  -1.736901209982141
-0.726369814359121  -1.592555177037184
-0.706369814359121  -1.450679461992278
-0.68636981435912  -1.316454932056854
-0.66636981435912  -1.194420279851455
-0.646369814359121  -1.088344991095701
-0.626369814359121  -1.001126536317883
-0.60636981435912  -0.9347144779657144
-0.58636981435912  -0.890063450376779
-0.56636981435912  -0.8671161859550982
-0.546369814359121  -0.8648169470919287
-0.526369814359121  -0.8811549011163704
-0.50636981435912  -0.9132361663237001
-0.48636981435912  -0.9573824820223678
-0.466369814359121  -1.009253734790956
-0.446369814359121  -1.063990925561497
-0.42636981435912  -1.116375604670771
-0.40636981435912  -1.16100134923777
-0.386369814359121  -1.192452521023533
-0.366369814359121  -1.205485332180264
-0.34636981435912  -1.195206166633445
-0.32636981435912  -1.157242158504409
-0.306369814359121  -1.087899214763819
-0.286369814359121  -0.9843029825865072
-0.26636981435912  -0.8445186947215416
-0.24636981435912  -0.6676463675750999
-0.226369814359121  -0.4538884627745925
-0.206369814359121  -0.2045878374314249
-0.18636981435912  0.0777654172163087
-0.16636981435912  0.3895588345603587
-0.146369814359121  0.7261138809436991
-0.126369814359121  1.081772634564441
-0.10636981435912  1.450012948800493
-0.0863698143591201  1.823589451521477
-0.0663698143591205  2.194697034402762
-0.0463698143591209  2.555152871625332
-0.0263698143591213  2.896592491731934
-0.00636981435911999  3.2106750234106
0.0136301856408796  3.489292456325904
0.0336301856408792  3.724777609410463
0.0536301856408787  3.910105485527504
0.0736301856408801  4.03908281392595
0.0936301856408797  4.106520837769464
0.113630185640879  4.108386787151006
0.133630185640879  4.041929979067108
0.15363018564088  3.905779092454453
0.17363018564088  3.700007863504434
0.193630185640879  3.426167216652343
0.213630185640879  3.087282670578788
0.23363018564088  2.687816715545888
0.25363018564088  2.23359672683072
0.273630185640879  1.731709836991393
0.293630185640879  1.190367015511717
0.31363018564088  0.6187393771109302
0.33363018564088  0.02677044006489837
0.353630185640879  -0.5750313345137161
0.373630185640879  -1.175814887882983
0.39363018564088  -1.764618574057928
0.41363018564088  -2.330606360039578
0.43363018564088  -2.863302619881508
0.453630185640879  -3.352819944499418
0.473630185640879  -3.790074545337539
0.49363018564088  -4.166984120746851
0.51363018564088  -4.47664347203792
0.533630185640879  -4.713473691261034
0.553630185640879  -4.873341381505893
0.57363018564088  -4.953645096945761
0.59363018564088  -4.953366985812044
0.613630185640879  -4.873088465054241
0.633630185640879  -4.71496962945165
0.65363018564088  -4.482692978515455
0.67363018564088  -4.18137290961806
0.693630185640879  -3.817433253775064
0.713630185640879  -3.398455900696573
0.73363018564088  -2.933004252906847
0.75363018564088  -2.430425847647572
0.773630185640879  -1.900638975075571
0.793630185640879  -1.353908489845207
0.81363018564088  -0.8006162515239358
0.83363018564088  -0.2510317317050492
0.853630185640879  0.2849117101041536
0.873630185640879  0.7978295525083638
0.89363018564088  1.279082815903499
0.91363018564088  1.720954148850053
0.93363018564088  2.116799244566741
0.953630185640879  2.461170176430166
0.973630185640879  2.749907965396917
0.99363018564088  2.980202480307056
1.01363018564088  3.150618603930282
1.03363018564088  3.261088452151253
1.05363018564088  3.312870289103007
1.07363018564088  3.308475615612724
1.09363018564088  3.25156670086403
1.11363018564088  3.146827557663901
1.13363018564088  2.999812011716894
1.15363018564088  2.816773068529266
1.17363018564088  2.604478224182291
1.19363018564088  2.370015687268014
1.21363018564088  2.120596670952374
1.23363018564088  1.863358971927904
1.25363018564088  1.605176975889588
1.27363018564088  1.352483019527101
1.29363018564088  1.11110470268161
1.31363018564088  0.8861222903226047
1.33363018564088  0.6817497844194731
1.35363018564088  0.5012425953748338
1.37363018564088  0.3468340185208303
1.39363018564088  0.2197019422037065
1.41363018564088  0.1199664005252328
1.43363018564088  0.0467177570635906
1.45363018564088  -0.001925512631978599
1.47363018564088  -0.02873126101811652
1.49363018564088  -0.03724289131800318
1.51363018564088  -0.03164659329697894
1.53363018564088  -0.01662040568563916
1.55363018564088  0.002830599355423506
1.57363018564088  0.02154834669195205
1.59363018564088  0.03440009655745646
1.61363018564088  0.03645606970724147
1.63363018564088  0.02316135718916379
1.65363018564088  -0.009502736158667258
1.67363018564088  -0.06487248556267611
1.69363018564088  -0.1454748475254297
1.71363018564088  -0.2529235264536782
1.73363018564088  -0.3878410552092801
1.75363018564088  -0.5498092467304561
1.77363018564088  -0.7373496186324096
1.79363018564088  -0.9479345931796792
1.81363018564088  -1.178029451984994
1.83363018564088  -1.423164199629761
1.85363018564088  -1.678033684587579
1.87363018564088  -1.936623560372088
1.89363018564088  -2.19235896470965
1.91363018564088  -2.438272168221077
1.93363018564088  -2.667184913041467
1.95363018564088  -2.871900740046093
1.97363018564088  -3.045402302119308
1.99363018564088  -3.181048488359727
2.01363018564088  -3.272766145117212
2.03363018564088  -3.315231275738213
2.05363018564088  -3.304034829827097
2.07363018564088  -3.235828549258187
2.09363018564088  -3.108446813366419
2.11363018564088  -2.92100100790657
2.13363018564088  -2.673943616937168
2.15363018564088  -2.369099986801547
2.17363018564088  -2.00966651791233
2.19363018564088  -1.600174882694846
2.21363018564088  -1.146422725425361
2.23363018564088  -0.6553721500206617
2.25363018564088  -0.135018123428345
2.27363018564088  0.4057703058366126
2.29363018564088  0.9574323720248787
2.31363018564088  1.509917322403316
2.33363018564088  2.052900784820454
2.35363018564088  2.576010648878471
2.37363018564088  3.069057068758645
2.39363018564088  3.522261061459245
2.41363018564088  3.926476177598877
2.43363018564088  4.273397863249082
2.45363018564088  4.555755407237568
2.47363018564088  4.76748177233776
2.49363018564088  4.903857130823619
2.51363018564088  4.961622552112075
2.53363018564088  4.939061007059303
2.55363018564088  4.836043642067517
2.57363018564088  4.65404011681173
2.59363018564088  4.396092671102186
2.61363018564088  4.06675446735324
2.63363018564088  3.671993623282262
2.65363018564088  3.219065183082995
2.67363018564088  2.716354053534501
2.69363018564088  2.173192634853765
2.71363018564088  1.599657486985962
2.73363018564088  1.006349875207889
2.75363018564088  0.4041654218604002
2.77363018564088  -0.1959416557616804
2.79363018564088  -0.7831941240767573
2.81363018564088  -1.347221552627018
2.83363018564088  -1.878278957915555
2.85363018564088  -2.367449148664498
2.87363018564088  -2.806824069055244
2.89363018564088  -3.189660971574841
2.91363018564088  -3.510509888002285
2.93363018564088  -3.765309589613932
2.95363018564088  -3.951450017519093
2.97363018564088  -4.067800001126527
2.99363018564088  -4.114699945903195
3.01363018564088  -4.093920039003021
3.03363018564088  -4.008585371130867
3.05363018564088  -3.86307018376826
3.07363018564088  -3.662864202255466
3.09363018564088  -3.414414688376592
3.11363018564088  -3.124948424235474
3.13363018564088  -2.802278307990691
3.15363018564088  -2.4545995899021
3.17363018564088  -2.09028099569309
3.19363018564088  -1.717656068331399
3.21363018564088  -1.344820007290323
3.23363018564088  -0.9794370979685163
3.25363018564088  -0.6285635084371852
3.27363018564088  -0.2984897945618996
3.29363018564088  0.005393090617406671
3.31363018564088  0.2787011272199469
3.33363018564088  0.5181354603580628
3.35363018564088  0.7215298723220116
3.37363018564088  0.8878666500968002
3.39363018564088  1.017260837234372
3.41363018564088  1.110913689486321
3.43363018564088  1.171036958885174
3.45363018564088  1.200750390388501
3.47363018564088  1.203955509227063
3.49363018564088  1.185189387900299
3.51363018564088  1.149462593685801
3.53363018564088  1.102085917488782
3.55363018564088  1.048490762681526
3.57363018564088  0.9940482212593418
3.59363018564088  0.9438918805016552
3.61363018564088  0.9027492861508815
3.63363018564088  0.8747867411149728
3.65363018564088  0.8634717484315235
3.67363018564088  0.8714569234589105
3.69363018564088  0.90048861566783
3.71363018564088  0.951342810292656
3.73363018564088  1.023790141971034
3.75363018564088  1.116591065622146
3.77363018564088  1.227521414720141
3.79363018564088  1.353427755079108
3.81363018564088  1.490311134736114
3.83363018564088  1.633437058591542
3.85363018564088  1.777468800324927
3.87363018564088  1.916620522507381
3.89363018564088  2.044826125619063
3.91363018564088  2.155919302352896
3.93363018564088  2.24381994691703
3.95363018564088  2.302721868786906
3.97363018564088  2.327276691999588
3.99363018564088  2.312768886723391
4.01363018564088  2.255277078115023
4.03363018564088  2.151817103614533
4.05363018564088  2.000462735733684
4.07363018564088  1.800440541881406
4.09363018564088  1.552196001836978
4.11363018564088  1.257428730659261
4.13363018564088  0.9190954416064774
4.15363018564088  0.5413801099614615
4.17363018564088  0.1296316433768181
4.19363018564088  -0.3097297941680157
4.21363018564088  -0.7693358410875628
4.23363018564088  -1.241019645128975
4.25363018564088  -1.715988779091113
4.27363018564088  -2.185017304919428
4.29363018564088  -2.638652404968203
4.31363018564088  -3.067430592195755
4.33363018564088  -3.462098228560647
4.35363018564088  -3.813830930508557
4.37363018564088  -4.114446426427886
4.39363018564088  -4.356605554084832
4.41363018564088  -4.533996343627903
4.43363018564088  -4.641496517643705
4.45363018564088  -4.675310244559798
4.47363018564088  -4.633075592992741
4.49363018564088  -4.513939837279066
4.51363018564088  -4.318600540911479
4.53363018564088  -4.049311175545502
4.55363018564088  -3.709850897845617
4.57363018564088  -3.30545898303497
4.59363018564088  -2.842735280592665
4.61363018564088  -2.329508892334161
4.63363018564088  -1.774678055119226
4.65363018564088  -1.188024919980931
4.67363018564088  -0.5800095386885663
4.69363018564088  0.03845211794494231
4.71363018564088  0.6562208912665957
4.73363018564088  1.262172431111447
4.75363018564088  1.845434842733292
4.77363018564088  2.395620378449562
4.79363018564088  2.903045715310404
4.81363018564088  3.358935642145545
4.83363018564088  3.755605389128046
4.85363018564088  4.086617360188718
4.87363018564088  4.346908659937896
4.89363018564088  4.532886526298276
4.91363018564088  4.642489569711788
4.93363018564088  4.675213559677706
4.95363018564088  4.632101368395838
4.97363018564088  4.515697557588971
4.99363018564088  4.329968956173033
5.01363018564088  4.080193401736715
5.03363018564088  3.772819587136653
5.05363018564088  3.415301645730292
5.07363018564088  3.015912707634551
5.09363018564088  2.583542150075741
5.11363018564088  2.127481635319819
5.13363018564088  1.657205270836564
5.15363018564088  1.18214933255076
5.17363018564088  0.7114969609918562
5.19363018564088  0.2539730730884242
5.21363018564088  -0.182345566072379
5.23363018564088  -0.5902005889799182
5.25363018564088  -0.9632986004170683
5.27363018564088  -1.296430724954217
5.29363018564088  -1.585562485185206
5.31363018564088  -1.827892146213681
5.33363018564088  -2.02187648276235
5.35363018564088  -2.16722376833612
5.37363018564088  -2.264854629478669
5.39363018564088  -2.3168322307094
5.41363018564088  -2.326264036184449
5.43363018564088  -2.297178112581497
5.45363018564088  -2.234377575892217
5.47363018564088  -2.143277326531563
5.49363018564088  -2.029727648770263
5.51363018564088  -1.899829561148638
5.53363018564088  -1.759746986547102
5.55363018564088  -1.6155208596115
5.57363018564088  -1.472890204328436
5.59363018564088  -1.337124998236942
5.61363018564088  -1.212875297961419
5.63363018564088  -1.104040642590132
5.65363018564088  -1.013663189037086
5.67363018564088  -0.9438473817227495
5.69363018564088  -0.8957082347957019
5.71363018564088  -0.8693495276533401
5.73363018564088  -0.8638724040321102
5.75363018564088  -0.8774140425914174
5.77363018564088  -0.9072152541763756
5.79363018564088  -0.9497150790175513
5.81363018564088  -1.000669726417338
5.83363018564088  -1.055292539055813
5.85363018564088  -1.108411091181307
5.87363018564088  -1.15463705962572
5.89363018564088  -1.188544151138097
5.91363018564088  -1.204849138338244
5.93363018564088  -1.198590955813101
5.95363018564088  -1.165302840297953
5.97363018564088  -1.101172663849285
5.99363018564088  -1.003186902336518
6.01363018564088  -0.8692540960422575
6.03363018564088  -0.6983041841164193
6.05363018564088  -0.4903607166522825
6.07363018564088  -0.2465836513004052
6.09363018564088  0.03071879245769349
6.11363018564088  0.3381099387123172
6.13363018564088  0.6710760055319336
6.15363018564088  1.024108052710185
6.17363018564088  1.390812766773235
6.19363018564088  1.764049552378881
6.21363018564088  2.136090690116621
6.23363018564088  2.498800691739322
6.25363018564088  2.843830451497307
6.27363018564088  3.162821370512875
6.29363018564088  3.447614331245021
6.31363018564088  3.690458229158768
6.33363018564088  3.884212733533523
6.35363018564088  4.022540050282176
6.37363018564088  4.1000806945955
6.39363018564088  4.112608644628874
6.41363018564088  4.057161730482183
6.43363018564088  3.932143703482761
6.45363018564088  3.737395114593289
6.47363018564088  3.474230890560412
6.49363018564088  3.145443313154844
6.51363018564088  2.755269960004873
6.53363018564088  2.309327033607968
6.55363018564088  1.814509366207258
6.57363018564088  1.278859220582559
6.59363018564088  0.7114067893480942
6.61363018564088  0.1219860082302896
6.63363018564088  -0.4789700760924437
6.65363018564088  -1.080649621581816
6.67363018564088  -1.672092823433328
6.69363018564088  -2.242427820179929
6.71363018564088  -2.781106087285538
6.73363018564088  -3.278131727969977
6.75363018564088  -3.724279205357228
6.77363018564088  -4.111294329744275
6.79363018564088  -4.432073713225977
6.81363018564088  -4.680818421189929
6.83363018564088  -4.85315817343231
6.85363018564088  -4.946243161275743
6.87363018564088  -4.958801333251852
6.89363018564088  -4.89115984097057
6.91363018564088  -4.745230207732886
6.93363018564088  -4.524457663448606
6.95363018564088  -4.233735958449351
6.97363018564088  -3.879289804101305
6.99363018564088  -3.468527868849504
7.01363018564088  -3.009869964983225
7.03363018564088  -2.512552676405041
7.05363018564088  -1.98641818574254
7.07363018564088  -1.441691447716765
7.09363018564088  -0.8887511152459195
7.11363018564088  -0.3378997490741416
7.13363018564088  0.2008611720542708
7.15363018564088  0.7180460748292823
7.17363018564088  1.204884867009064
7.19363018564088  1.653502594024952
7.21363018564088  2.057075030575698
7.23363018564088  2.409956687949614
7.25363018564088  2.707778429892753
7.27363018564088  2.947512669000167
7.29363018564088  3.127504941925135
7.31363018564088  3.247471514080148
7.33363018564088  3.308463521239775
7.35363018564088  3.312798994770117
7.37363018564088  3.263964917817088
7.39363018564088  3.166492201435297
7.41363018564088  3.025807133621061
7.43363018564088  2.848063423843279
7.45363018564088  2.639959426709349
7.47363018564088  2.408545469425137
7.49363018564088  2.161026420374554
7.51363018564088  1.904564715423253
7.53363018564088  1.646089002839378
7.55363018564088  1.392113378884912
7.57363018564088  1.148571869443051
7.59363018564088  0.9206723770564817
7.61363018564088  0.7127737690661891
7.63363018564088  0.5282891455090024
7.65363018564088  0.3696176117888479
7.67363018564088  0.2381061095582064
7.69363018564088  0.1340420498786739
7.71363018564088  0.05667666666065019
7.73363018564088  0.004278187110206888
7.75363018564088  -0.02578687922499601
7.77363018564088  -0.03694677956709524
7.79363018564088  -0.03329501408128466
7.81363018564088  -0.01944201626998621
7.83363018564088  -0.000352243606061624
7.85363018564088  0.01882870904162204
7.87363018564088  0.03295209643898833
7.89363018564088  0.03704409869934178
7.91363018564088  0.02647897155628365
7.93363018564088  -0.002857612535990706
7.95363018564088  -0.05441965646306635
7.97363018564088  -0.1308706052806374
7.99363018564088  -0.233975534319202
8.01363018564088  -0.3645189100642479
8.03363018564088  -0.5222503958307148
8.05363018564088  -0.7058604279132314
8.07363018564088  -0.9129864940611452
8.09363018564088  -1.140250225414349
8.11363018564088  -1.383324586771418
8.13363018564088  -1.637029639742671
8.15363018564088  -1.895454580081969
8.17363018564088  -2.152103034479687
8.19363018564088  -2.40005796207216
8.21363018564088  -2.63216195869059
8.23363018564088  -2.841208321874034
8.25363018564088  -3.020137913616833
8.27363018564088  -3.162236664368431
8.29363018564088  -3.261328501350526
8.31363018564088  -3.311958558787861
8.33363018564088  -3.309561735681988
8.35363018564088  -3.250612003380988
8.37363018564088  -3.132748322190688
8.39363018564088  -2.954873592304368
8.41363018564088  -2.717223725256764
8.43363018564088  -2.421404661329052
8.45363018564088  -2.070395957198568
8.47363018564088  -1.668520406436091
8.49363018564088  -1.221380011943837
8.51363018564088  -0.7357594823310702
8.53363018564088  -0.2194992518240559
8.55363018564088  0.3186591955260654
8.57363018564088  0.8692522018111943
8.59363018564088  1.422292885866447
8.61363018564088  1.967485513893115
8.63363018564088  2.494450221060687
8.65363018564088  2.992952726031421
8.67363018564088  3.453133524391982
8.69363018564088  3.865731028334388
8.71363018564088  4.222293239404967
8.73363018564088  4.515372796024915
8.75363018564088  4.738700621661165
8.77363018564088  4.887333903569992
8.79363018564088  4.957774743506359
8.81363018564088  4.948056525507512
8.83363018564088  4.857795824299018
8.85363018564088  4.688208511610942
8.87363018564088  4.442089585898232
8.89363018564088  4.123757131917998
8.91363018564088  3.738961688277831
8.93363018564088  3.294763141615795
8.95363018564088  2.799378054459732
8.97363018564088  2.262001050315268
8.99363018564088  1.692604506231234
9.01363018564088  1.101721324338035
9.03363018564088  0.5002159566655994
9.05363018564088  -0.1009508680801993
9.07363018564088  -0.6909581279117858
9.09363018564088  -1.259355612592448
9.11363018564088  -1.796284699477894
9.13363018564088  -2.292683621761128
9.15363018564088  -2.74047245081102
9.17363018564088  -3.132713531808111
9.19363018564088  -3.463743733592468
9.21363018564088  -3.729275583726259
9.23363018564088  -3.926465140188193
9.25363018564088  -4.053945282079002
9.27363018564088  -4.111823962174036
9.29363018564088  -4.101647832368789
9.31363018564088  -4.026332507108987
9.33363018564088  -3.890061548271425
9.35363018564088  -3.69815701709464
9.37363018564088  -3.456925125549215
9.39363018564088  -3.173481113840627
9.41363018564088  -2.855557967783254
9.43363018564088  -2.51130395757107
9.45363018564088  -2.149074219051589
9.47363018564088  -1.777221704323714
9.49363018564088  -1.403892798092064
9.51363018564088  -1.036832730959886
9.53363018564088  -0.6832056254132768
9.55363018564088  -0.3494335926356495
9.57363018564088  -0.04105876960485166
9.59363018564088  0.2373684399151719
9.61363018564088  0.4823723634800725
9.63363018564088  0.6916045091083629
9.65363018564088  0.8638644887069706
9.67363018564088  0.9990892716543629
9.69363018564088  1.098311456826147
9.71363018564088  1.16358806204332
9.73363018564088  1.197902097996656
9.75363018564088  1.205039899389312
9.77363018564088  1.189447811204616
9.79363018564088  1.156072356624735
9.81363018564088  1.110188431676607
9.83363018564088  1.057220369511932
9.85363018564088  1.00256088680619
9.87363018564088  0.9513929618810741
9.89363018564088  0.9085195980413163
9.91363018564088  0.878206198932366
9.93363018564088  0.8640399315156484
9.95363018564088  0.8688099857861233
9.97363018564088  0.8944120708607157
9.99363018564088  0.9417798294527711
10.0136301856409  1.01084512419994
10.0336301856409  1.100528368849581
10.0536301856409  1.208759265295222
10.0736301856409  1.332527485084829
10.0936301856409  1.467962022753087
10.1136301856409  1.610437169351056
10.1336301856409  1.754702328222137
10.1536301856409  1.895032240421034
10.1736301856409  2.025393621369694
10.1936301856409  2.139623748290153
10.2136301856409  2.231616191879139
10.2336301856409  2.295508664841506
10.2536301856409  2.325867870304255
10.2736301856409  2.317866277433391
10.2936301856409  2.267445928962813
10.3136301856409  2.171464691577264
10.3336301856409  2.027820787593371
10.3536301856409  1.83555198444622
10.3736301856409  1.594906453535945
10.3936301856409  1.307383025917871
10.4136301856409  0.9757393509213661
10.4336301856409  0.6039672852006901
10.4536301856409  0.1972356829524009
10.4736301856409  -0.2381983985181249
10.4936301856409  -0.6951082416902179
10.5136301856409  -1.165443144571952
10.5336301856409  -1.640497896958078
10.5536301856409  -2.111102089381645
10.5736301856409  -2.567824749197449
10.5936301856409  -3.001189372293735
10.6136301856409  -3.401894116003834
10.6336301856409  -3.761031746997137
10.6536301856409  -4.070303902054816
10.6736301856409  -4.322224321019207
10.6936301856409  -4.510305947693215
10.7136301856409  -4.62922716047096
10.7336301856409  -4.674972881109897
10.7536301856409  -4.644946905346995
10.7736301856409  -4.538052488268818
10.7936301856409  -4.354738983323887
10.8136301856409  -4.097013157497074
10.8336301856409  -3.768414665843745
10.8536301856409  -3.373956044737381
10.8736301856409  -2.920028452829555
10.8936301856409  -2.414275230008844
10.9136301856409  -1.865436136416757
10.9336301856409  -1.283165855917991
10.9536301856409  -0.6778309831355638
10.9736301856409  -0.06029024426733336
10.9936301856409  0.5583368839858793
11.0136301856409  1.166907706366216
11.0336301856409  1.754494388832408
11.0536301856409  2.310616969576099
11.0736301856409  2.825465809979907
11.0936301856409  3.290108255176809
11.1136301856409  3.6966746639203
11.1336301856409  4.038519476787526
11.1536301856409  4.310353607476687
11.1736301856409  4.508345148618892
11.1936301856409  4.630186163305616
11.2136301856409  4.675124166817092
11.2336301856409  4.64395776886246
11.2536301856409  4.538996823260055
11.2736301856409  4.363988297383964
11.2936301856409  4.124009906191525
11.3136301856409  3.825334334388399
11.3336301856409  3.475267575838481
11.3536301856409  3.081965534118295
11.3736301856409  2.654233536906912
11.3936301856409  2.201313807165119
11.4136301856409  1.732666196275993
11.4336301856409  1.257747612257334
11.4536301856409  0.7857955669810845
11.4736301856409  0.3256211207088255
11.4936301856409  -0.1145837757017589
11.5136301856409  -0.5274199433686664
11.5336301856409  -0.9064315621960179
11.5536301856409  -1.246230219083088
11.5736301856409  -1.542589657010474
11.5936301856409  -1.792509233242436
11.6136301856409  -1.994244910240981
11.6336301856409  -2.14730744385348
11.6536301856409  -2.252428278310386
11.6736301856409  -2.311494484902108
11.6936301856409  -2.327454869730543
11.7136301856409  -2.304200105535424
11.7336301856409  -2.246420394704485
11.7536301856409  -2.159444728651113
11.7736301856409  -2.049066258680612
11.7936301856409  -1.921358623979169
11.8136301856409  -1.782488285243249
11.8336301856409  -1.638527982823905
11.8536301856409  -1.495276374606564
11.8736301856409  -1.35808871315711
11.8936301856409  -1.231723099320522
11.9136301856409  -1.120206409090464
11.9336301856409  -1.026723443855468
11.9536301856409  -0.9535322154750154
11.9736301856409  -0.9019075638147784
11.9936301856409  -0.8721145340721788
12.0136301856409  -0.8634121345927426
12.0336301856409  -0.8740872739849561
12.0536301856409  -0.9015178606387784
12.0736301856409  -0.9422632595254687
12.0936301856409  -0.9921795609732132
12.1136301856409  -1.046556443293049
12.1336301856409  -1.10027182325136
12.1536301856409  -1.147960000829511
12.1736301856409  -1.184188630260889
12.1936301856409  -1.203639597857206
12.2136301856409  -1.201288765310016
12.2336301856409  -1.172579548315184
12.2536301856409  -1.113585444407252
12.2736301856409  -1.021156897265265
12.2936301856409  -0.8930482805639703
12.3136301856409  -0.72802129263059
12.3336301856409  -0.5259216607372812
12.3536301856409  -0.2877267452468237
12.3736301856409  -0.01556239127521719
12.3936301856409  0.2873118204508853
12.4136301856409  0.6165489420047143
12.4336301856409  0.9667918301184859
12.4536301856409  1.331779488548952
12.4736301856409  1.704480169215047
12.4936301856409  2.077248100145013
12.5136301856409  2.44200006537025
12.5336301856409  2.790407513145868
